$PAXYZ,-11401,15870,-16866
$PMXYZ,-20720,15723,4929
$PGXYZ,9830,16769,23593
$PAXYZ,11258,15829,32714
$PMXYZ,22209,15753,31961
$PGXYZ,-17039,16762,-20971
$GPRMC,113347.187,V,,,,,0.00,0.00,120120,,,N*40
$PAXYZ,28780,15882,12642
$PMXYZ,12583,15752,31037
$PGXYZ,11141,16768,-18350
$PAXYZ,7506,15886,-910
$PMXYZ,29256,15737,1237
$PGXYZ,-3932,16768,20972
$PAXYZ,14682,15851,17960
$PMXYZ,-7004,15701,24181
$PGXYZ,17695,16770,18350
$PAXYZ,-8961,15873,17960
$PMXYZ,-16295,15748,-5621
$PGXYZ,6554,16768,10486
$PAXYZ,-11401,15870,6121
$PMXYZ,29256,15737,-24872
$PGXYZ,-28836,-16686,13107
$PAXYZ,-4879,15865,24482
$PMXYZ,-11094,15724,-8389
$PGXYZ,15729,-16172,-31457
$GPRMC,113348.181,V,,,,,0.75,21.49,120120,,,N*75
$PAXYZ,-18249,15826,-6227
$PMXYZ,14093,15712,14554
$PGXYZ,26214,-16294,28836
$PAXYZ,-4879,15865,24482
$PMXYZ,31499,15706,16399
$PGXYZ,26214,-16506,28836
$PAXYZ,24628,15868,3207
$PMXYZ,31499,15706,12709
$PGXYZ,7864,15813,-18350
$PAXYZ,14027,15881,17960
$PMXYZ,-3314,15717,-6543
$PGXYZ,-2621,15848,-15729
$GPRMC,113349.181,A,5038.5579,N,00123.8321,W,0.31,30.95,120120,,,A*4C
$PAXYZ,-4879,15865,-27503
$PMXYZ,-1468,15725,-12478
$PGXYZ,15729,15914,-5243
$PAXYZ,14682,15851,28597
$PMXYZ,19629,15736,-24872
$PGXYZ,20972,15896,10486
$PAXYZ,-8961,15873,-7430
$PMXYZ,8158,15727,-21181
$PGXYZ,23593,-17265,15729
$PAXYZ,8163,15856,-26300
$PMXYZ,-16631,15700,24181
$PGXYZ,-2621,16104,15729
$GPRMC,113350.183,A,5038.5588,N,00123.8316,W,0.32,15.19,120120,,,A*4C
$PAXYZ,-28195,15809,-28705
$PMXYZ,-30345,15722,-23949
$PGXYZ,2622,15575,26214
$PAXYZ,-23714,15872,13843
$PMXYZ,8158,15727,21412
$PGXYZ,5243,15950,-31457
$PAXYZ,985,15891,-27503
$PMXYZ,29989,15746,-25795
$PGXYZ,15729,15914,-15729
$PAXYZ,-728,15879,6121
$PMXYZ,6313,15719,3083
$PGXYZ,-10486,16019,18350
$PAXYZ,31149,15863,32714
$PMXYZ,-12939,15716,-6543
$PGXYZ,5243,15950,10486
$GPRMC,113351.183,A,5038.5588,N,00123.8319,W,0.16,58.91,120120,,,A*4D
$PAXYZ,5793,15875,-910
$PMXYZ,8158,15727,-12478
$PGXYZ,5243,16078,-23593
$PAXYZ,17451,15903,-13259
$PMXYZ,12247,15704,314
$PGXYZ,23593,-17137,-13107
$PAXYZ,28780,15882,-910
$PMXYZ,29654,15698,13631
$PGXYZ,2622,15959,18350
$PAXYZ,-28195,15809,7324
$PMXYZ,-28500,15730,1237
$PGXYZ,31457,16100,10486
$GPRMC,113352.182,A,5038.5587,N,00123.8321,W,0.17,26.87,120120,,,A*44
$PAXYZ,-13769,15889,24482
$PMXYZ,23131,15757,-9311
$PGXYZ,2622,15959,23593
$PAXYZ,11258,15829,-31620
$PMXYZ,-17218,15744,-17092
$PGXYZ,23593,15759,26214
$PAXYZ,24628,15868,-6227
$PMXYZ,378,15734,9941
$PGXYZ,-23593,16064,26214
$PAXYZ,-14825,15848,-26300
$PMXYZ,-9249,15732,31961
$PGXYZ,-7864,15738,18350
$PAXYZ,-27866,15858,32714
$PMXYZ,12247,15704,1237
$PGXYZ,-2621,15976,13107
$GPRMC,113353.183,A,5038.5591,N,00123.8317,W,0.12,22.19,120120,,,A*40
$PAXYZ,-24771,15831,2004
$PMXYZ,4467,15711,10864
$PGXYZ,-20971,16055,26214
$PAXYZ,-1783,15838,-19781
$PMXYZ,23719,15713,4006
$PGXYZ,2622,15831,-23593
$PAXYZ,2696,15902,-16866
$PMXYZ,-14785,15708,26424
$PGXYZ,7864,15941,5243
$PAXYZ,-14825,15848,-11547
$PMXYZ,-30345,15722,24181
$PGXYZ,10486,16060,-7864
$GPRMC,113354.184,A,5038.5593,N,00123.8315,W,0.32,14.49,120120,,,A*42
$PAXYZ,27397,15792,32714
$PMXYZ,29654,15698,-19860
$PGXYZ,-23593,16064,18350
$PAXYZ,20547,15876,-26300
$PMXYZ,31499,15706,9941
$PGXYZ,26214,15878,20972
$PAXYZ,7506,15886,24482
$PMXYZ,-1468,15725,-31730
$PGXYZ,2622,-17193,-31457
$PAXYZ,24300,15819,-16866
$PMXYZ,31835,15754,18644
$PGXYZ,20972,15896,-2621
$PAXYZ,-11401,15870,-16866
$PMXYZ,-22565,15715,-8389
$PGXYZ,-7864,-16902,7864
$GPRMC,113355.184,A,5038.5595,N,00123.8313,W,0.19,28.61,120120,,,A*4F
$PAXYZ,14027,15881,24482
$PMXYZ,-18874,15731,1237
$PGXYZ,5243,16078,7864
$PAXYZ,-4879,15865,28597
$PMXYZ,-16631,15700,-24872
$PGXYZ,-7864,15738,7864
$PAXYZ,-13769,15889,19163
$PMXYZ,20363,15745,11786
$PGXYZ,0,0,-26214
$PAXYZ,-22002,15883,-22183
$PMXYZ,-9249,15732,10864
$PGXYZ,-7864,15866,15729
$GPRMC,113356.192,A,5038.5619,N,00123.8277,W,0.22,19.68,120120,,,A*4C
$PAXYZ,8163,15856,-11547
$PMXYZ,-7591,15745,30115
$PGXYZ,-18350,16046,31457
$PAXYZ,-23714,15872,-31620
$PMXYZ,-11094,15724,-25795
$PGXYZ,2622,15703,26214
$PAXYZ,22259,15887,8526
$PMXYZ,-18874,15731,7172
$PGXYZ,2622,15575,-13107
$PAXYZ,-5208,15816,-11547
$PMXYZ,15939,15720,-608
$PGXYZ,23593,16015,-5243
$PAXYZ,27724,15841,-10344
$PMXYZ,14093,15712,11786
$PGXYZ,18350,15777,-15729
$PAXYZ,31149,15863,23280
$PMXYZ,10003,15735,9017
$PGXYZ,23593,16127,23593
$PAXYZ,-31290,15836,16758
$PMXYZ,-6669,15749,314
$PGXYZ,-2621,16104,20972
$PAXYZ,-24771,15831,-14461
$PMXYZ,-24998,15751,-27641
$PGXYZ,-18350,16046,-23593
$PAXYZ,14682,15851,-910
$PMXYZ,15939,15720,-9311
$PGXYZ,5243,15950,2622
$GPRMC,113358.000,A,5038.5617,N,00123.8279,W,0.06,32.08,120120,,,A*41
$PAXYZ,-8961,15873,-15664
$PMXYZ,-11094,15724,-1531
$PGXYZ,10486,16060,13107
$PAXYZ,-8961,15873,8526
$PMXYZ,20363,15745,15875
$PGXYZ,-2621,15848,13107
$PAXYZ,4738,15834,-15664
$PMXYZ,-26655,15738,20489
$PGXYZ,-13107,16028,-31457
$PAXYZ,-21346,15853,27397
$PMXYZ,12583,15752,10864
$PGXYZ,23593,16015,23593
$PAXYZ,24628,15868,27397
$PMXYZ,30913,15750,11786
$PGXYZ,2622,16087,-7864
$GPRMC,113359.000,A,5038.5616,N,00123.8281,W,0.16,27.96,120120,,,A*44
$PAXYZ,27724,15713,3207
$PMXYZ,11660,15748,-5621
$PGXYZ,-15729,16037,-20971
$PAXYZ,-20290,15894,-16866
$PMXYZ,378,15734,-7466
$PGXYZ,-13107,16156,-18350
$PAXYZ,20875,15797,-26300
$PMXYZ,-3900,15761,19567
$PGXYZ,-15729,16037,31457
$PAXYZ,-27866,15858,-7430
$PMXYZ,29256,15737,-32652
$PGXYZ,-31457,16091,-2621
$GPRMC,113400.000,A,5038.5615,N,00123.8282,W,0.15,30.54,120120,,,A*44
$PAXYZ,4409,15785,-30417
$PMXYZ,8158,15727,-18014
$PGXYZ,-13107,16028,31457
$PAXYZ,-31290,15836,16758
$PMXYZ,8158,15727,-1531
$PGXYZ,-2621,15976,-13107
$PAXYZ,8163,15856,-16866
$PMXYZ,4467,15711,31961
$PGXYZ,-15729,16037,-2621
$PAXYZ,30821,15814,-27503
$PMXYZ,-9249,15732,-25795
$PGXYZ,-15729,16037,15729
$PAXYZ,-20290,15894,24482
$PMXYZ,30913,15750,1237
$PGXYZ,-2621,15848,15729
$GPRMC,113401.000,A,5038.5614,N,00123.8283,W,0.13,13.76,120120,,,A*42
$PAXYZ,24628,15868,8526
$PMXYZ,-28500,15730,-7466
$PGXYZ,2622,15831,10486
$PAXYZ,15738,15892,-23896
$PMXYZ,-30345,15722,30115
$PGXYZ,-5243,16001,-23593
$PAXYZ,1312,15812,-2113
$PMXYZ,20363,15745,23257
$PGXYZ,10486,16060,15729
$PAXYZ,5793,15875,28597
$PMXYZ,-12939,15716,-16169
$PGXYZ,-7864,15866,-23593
$GPRMC,113402.000,A,5038.5614,N,00123.8284,W,0.19,16.81,120120,,,A*41
$PAXYZ,24628,15868,17960
$PMXYZ,25564,15721,22334
$PGXYZ,-7864,16010,26214
$PAXYZ,27397,15792,-30417
$PMXYZ,-5159,15709,22334
$PGXYZ,7864,15813,0
$PAXYZ,-5536,15895,17960
$PMXYZ,-3314,15717,-18937
$PGXYZ,-20971,16055,10486
$PAXYZ,24628,15868,-27503
$PMXYZ,8158,15727,-17092
$PGXYZ,-7864,-17030,7864
$PAXYZ,27724,15841,-11547
$PMXYZ,-32191,15714,24181
$PGXYZ,7864,16397,5243
$GPRMC,113403.000,A,5038.5614,N,00123.8284,W,0.13,21.43,120120,,,A*40
$PAXYZ,-24771,15831,15046
$PMXYZ,-26655,15738,-18937
$PGXYZ,-7864,-16902,7864
$PAXYZ,-10344,15911,8526
$PMXYZ,-11094,15724,20489
$PGXYZ,-7864,15866,10486
$PAXYZ,20875,15797,2004
$PMXYZ,-30345,15722,11786
$PGXYZ,-5243,16001,13107
$PAXYZ,30492,15893,24482
$PMXYZ,22209,15753,23257
$PGXYZ,-20971,16055,-2621
$GPRMC,113404.000,A,5038.5614,N,00123.8284,W,0.13,35.75,120120,,,A*47
$PAXYZ,-18249,15826,-27503
$PMXYZ,27409,15729,10864
$PGXYZ,26214,16006,-15729
$PAXYZ,-22002,15883,12642
$PMXYZ,6313,15719,29192
$PGXYZ,-7864,15994,15729
$PAXYZ,-5536,15895,32714
$PMXYZ,11660,15748,9017
$PGXYZ,-18350,16046,-18350
$PAXYZ,24300,15819,-6227
$PMXYZ,-10696,15685,2160
$PGXYZ,15729,16042,15729
$PAXYZ,-22002,15883,-2113
$PMXYZ,-12939,15716,21412
$PGXYZ,18350,15905,-18350
$GPRMC,113405.000,A,5038.5613,N,00123.8284,W,0.15,22.97,120120,,,A*4D
$PAXYZ,4738,15834,29799
$PMXYZ,31499,15706,19567
$PGXYZ,-28836,16154,-20971
$PAXYZ,-22002,15883,-7430
$PMXYZ,-29947,15683,31961
$PGXYZ,26214,16118,7864
$PAXYZ,17779,15824,-18578
$PMXYZ,-14785,15708,21412
$PGXYZ,-7864,16138,-20971
$PAXYZ,20547,15876,-2113
$PMXYZ,23719,15713,-26717
$PGXYZ,13107,16051,-26214
$GPRMC,113406.000,A,5038.5612,N,00123.8285,W,0.08,3.56,120120,,,A*7C
$PAXYZ,30492,15893,-16866
$PMXYZ,-11094,15724,20489
$PGXYZ,-7864,16010,18350
$PAXYZ,-21674,15804,13843
$PMXYZ,-11094,15724,26026
$PGXYZ,18350,15905,-13107
$PAXYZ,-728,15879,8526
$PMXYZ,-11094,15724,-17092
$PGXYZ,18350,15777,0
$PAXYZ,8163,15856,3207
$PMXYZ,-7004,15701,-10234
$PGXYZ,15729,16042,15729
$PAXYZ,20547,15876,17960
$PMXYZ,14093,15712,12709
$PGXYZ,7864,16141,-23593
$GPRMC,113407.000,A,5038.5612,N,00123.8286,W,0.22,347.91,120120,,,A*7E
$PAXYZ,8163,15856,-11547
$PMXYZ,-10696,15685,24181
$PGXYZ,-7864,16010,-13107
$PAXYZ,-15482,15878,-2113
$PMXYZ,-25921,15747,-12478
$PGXYZ,-2621,15976,31457
$PAXYZ,14027,15881,-23386
$PMXYZ,-12939,15716,4929
$PGXYZ,-5243,15985,-18350
$PAXYZ,-13769,15889,-11547
$PMXYZ,-30345,15722,21412
$PGXYZ,5243,16078,-7864
$PAXYZ,31149,15863,-910
$PMXYZ,-17218,15744,20489
$PGXYZ,10486,16132,-20971
$GPRMC,113408.000,A,5038.5612,N,00123.8287,W,0.20,346.47,120120,,,A*78
$PAXYZ,20547,15876,-910
$PMXYZ,-24411,15707,4929
$PGXYZ,-5243,15985,23593
$PAXYZ,1641,15861,23280
$PMXYZ,25564,15721,13631
$PGXYZ,13107,15923,-18350
$PAXYZ,30492,15893,-3313
$PMXYZ,-3314,15717,-29486
$PGXYZ,-5243,16001,7864
$PAXYZ,-27866,15858,-16866
$PMXYZ,776,15695,21412
$PGXYZ,2622,16087,20972
$GPRMC,113409.000,A,5038.5610,N,00123.8288,W,0.01,191.16,120120,,,A*7B
$PAXYZ,-4879,15865,28597
$PMXYZ,-30345,15722,-23949
$PGXYZ,-5243,15985,0
$PAXYZ,1641,15861,-26300
$PMXYZ,21874,15705,2160
$PGXYZ,-23593,16064,26214
$PAXYZ,1641,15861,31513
$PMXYZ,-10696,15685,30115
$PGXYZ,26214,16006,5243
$PAXYZ,-18249,15826,-2113
$PMXYZ,8557,15688,1237
$PGXYZ,20972,16024,-13107
$PAXYZ,-27866,15858,-7430
$PMXYZ,-7004,15701,314
$PGXYZ,2622,15959,15729
$GPRMC,113410.000,A,5038.5610,N,00123.8289,W,0.01,198.37,120120,,,A*78
$PAXYZ,27724,15841,-15664
$PMXYZ,14093,15712,-1531
$PGXYZ,2622,16087,18350
$PAXYZ,-1783,15838,7324
$PMXYZ,-14785,15708,-25795
$PGXYZ,-13107,16028,10486
$PAXYZ,-8961,15873,28597
$PMXYZ,-20720,15723,11786
$PGXYZ,10486,15932,5243
$PAXYZ,-7248,15884,24482
$PMXYZ,29654,15698,-9311
$PGXYZ,18350,15905,31457
$GPRMC,113411.000,A,5038.5609,N,00123.8290,W,0.01,191.48,120120,,,A*78
$PAXYZ,23971,15770,-2113
$PMXYZ,10738,15744,-18937
$PGXYZ,5243,15950,10486
$PAXYZ,-8961,15873,-22183
$PMXYZ,2034,15747,-608
$PGXYZ,15729,16398,-15729
$PAXYZ,5793,15875,23280
$PMXYZ,-22565,15715,-25795
$PGXYZ,-26214,16073,18350
$PAXYZ,-23714,15872,19163
$PMXYZ,-22565,15715,10864
$PGXYZ,13107,16051,-15729
$PAXYZ,9218,15897,17960
$PMXYZ,378,15734,-10234
$PGXYZ,-26214,16073,13107
$GPRMC,113412.000,A,5038.5609,N,00123.8291,W,0.02,182.11,120120,,,A*77
$PAXYZ,-11729,15821,-22183
$PMXYZ,10003,15735,20489
$PGXYZ,-2621,16104,28836
$PAXYZ,-27866,15858,19163
$PMXYZ,6711,15680,30115
$PGXYZ,5243,16078,28836
$PAXYZ,-11401,15870,-6227
$PMXYZ,12247,15704,12709
$PGXYZ,28836,16109,0
$PAXYZ,28780,15882,-12749
$PMXYZ,20027,15697,2160
$PGXYZ,-7864,16122,-18350
$GPRMC,113413.000,A,5038.5608,N,00123.8291,W,0.01,203.79,120120,,,A*70
$PAXYZ,-14825,15848,-26300
$PMXYZ,-8850,15693,17721
$PGXYZ,-20971,16055,-5243
$PAXYZ,-11401,15870,13843
$PMXYZ,6313,15719,4929
$PGXYZ,-23593,16064,0
$PAXYZ,7506,15886,-31620
$PMXYZ,21874,15705,-17092
$PGXYZ,31457,16100,28836
$PAXYZ,14355,15802,-30417
$PMXYZ,8158,15727,-32652
$PGXYZ,5243,16078,-15729
$PAXYZ,-7248,15884,12642
$PMXYZ,-9249,15732,-13401
$PGXYZ,31457,16100,2622
$GPRMC,113414.000,A,5038.5607,N,00123.8292,W,0.01,212.15,120120,,,A*71
$PAXYZ,-18249,15826,32714
$PMXYZ,13506,15756,5851
$PGXYZ,20972,16024,-7864
$PAXYZ,-4879,15865,-31620
$PMXYZ,29989,15746,25103
$PGXYZ,-7864,16010,-7864
$PAXYZ,27724,15841,-6227
$PMXYZ,20363,15745,-28563
$PGXYZ,-2621,16104,20972
$PAXYZ,-15482,15878,-16866
$PMXYZ,14093,15712,30115
$PGXYZ,-7864,16010,-13107
$GPRMC,113415.000,A,5038.5607,N,00123.8293,W,0.01,189.05,120120,,,A*71
$PAXYZ,-26811,15899,2004
$PMXYZ,17784,15728,31961
$PGXYZ,13107,15923,31457
$PAXYZ,-24771,15831,-6227
$PMXYZ,29256,15737,24181
$PGXYZ,5243,15950,2621
$PAXYZ,28780,15882,-23386
$PMXYZ,21874,15705,4006
$PGXYZ,23593,16015,-26214
$PAXYZ,14682,15851,-19781
$PMXYZ,2621,15703,13631
$PGXYZ,-2621,15976,23593
$PAXYZ,8163,15856,-7430
$PMXYZ,4467,15711,23257
$PGXYZ,-2621,15976,-5243
$GPRMC,113416.000,A,5038.5607,N,00123.8294,W,0.01,207.84,120120,,,A*79
$PAXYZ,-8961,15873,7324
$PMXYZ,17784,15728,31037
$PGXYZ,2622,15703,-5243
$PAXYZ,-24771,15831,19163
$PMXYZ,-25921,15747,4006
$PGXYZ,13107,15795,20972
$PAXYZ,-28523,15888,7324
$PMXYZ,17784,15728,24181
$PGXYZ,10486,16132,-28836
$PAXYZ,-28523,15888,-16866
$PMXYZ,-28500,15730,26026
$PGXYZ,-18350,16046,-18350
$GPRMC,113417.000,A,5038.5606,N,00123.8294,W,0.01,176.24,120120,,,A*76
$PAXYZ,985,15891,-6227
$PMXYZ,-26256,15699,-22104
$PGXYZ,-13107,16028,5243
$PAXYZ,1641,15861,13843
$PMXYZ,-5159,15709,5851
$PGXYZ,-7864,15738,-23593
$PAXYZ,-8305,15843,4409
$PMXYZ,15939,15720,7696
$PGXYZ,-15729,16037,20972
$PAXYZ,14027,15881,23280
$PMXYZ,-12939,15716,-23949
$PGXYZ,-7864,16138,-28836
$PAXYZ,-31290,15836,17960
$PMXYZ,-9249,15732,2160
$PGXYZ,15729,15914,2622
$GPRMC,113418.000,A,5038.5606,N,00123.8295,W,0.01,216.38,120120,,,A*70
$PAXYZ,-30235,15877,27397
$PMXYZ,17784,15728,-23949
$PGXYZ,10486,15932,15729
$PAXYZ,-15153,15799,-22183
$PMXYZ,10003,15735,10864
$PGXYZ,-5243,16129,-18350
$PAXYZ,-12057,15900,22077
$PMXYZ,-11094,15724,23257
$PGXYZ,0,16096,-28836
$PAXYZ,14027,15881,20875
$PMXYZ,2223,15742,22334
$PGXYZ,7864,15941,5243
$GPRMC,113419.000,A,5038.5591,N,00123.8248,W,0.01,158.88,120120,,,A*7E
$PAXYZ,20547,15876,-22183
$PMXYZ,27409,15729,21412
$PGXYZ,-10486,16019,7864
$PAXYZ,-31290,15836,28597
$PMXYZ,-22565,15715,4929
$PGXYZ,5243,15950,-7864
$PAXYZ,1312,15812,27397
$PMXYZ,4865,15672,1237
$PGXYZ,31457,16100,7864
$GPRMC,113420.000,A,5038.5589,N,00123.8247,W,0.01,178.66,120120,,,A*70
$PAXYZ,27724,15841,-11547
$PMXYZ,-11094,15724,-6543
$PGXYZ,10486,16060,-2621
$PAXYZ,-23714,15872,-12749
$PMXYZ,-9249,15732,11786
$PGXYZ,-2621,15976,-26214
$PAXYZ,5793,15875,-6227
$PMXYZ,-30345,15722,-17092
$PGXYZ,26214,16006,-5243
$PAXYZ,21204,15846,3207
$PMXYZ,15939,15720,9017
$PGXYZ,23593,16143,2622
$PAXYZ,24628,15868,-26300
$PMXYZ,25564,15721,-26717
$PGXYZ,10486,15932,-15729
$GPRMC,113421.000,A,5038.5587,N,00123.8248,W,0.00,80.03,120120,,,A*44
$PAXYZ,-11401,15870,23280
$PMXYZ,14093,15712,21412
$PGXYZ,23593,15759,2622
$PAXYZ,-27866,15858,-23896
$PMXYZ,12247,15704,-26717
$PGXYZ,18350,16033,20972
$PAXYZ,-14825,15848,-6227
$PMXYZ,15939,15720,21412
$PGXYZ,-5243,15985,18350
$PAXYZ,-21346,15853,24482
$PMXYZ,17784,15728,21412
$PGXYZ,31457,16100,10486
$GPRMC,113422.000,A,5038.5587,N,00123.8248,W,0.01,78.17,120120,,,A*44
$PAXYZ,14682,15851,-910
$PMXYZ,10738,15744,-13401
$PGXYZ,0,16096,-18350
$PAXYZ,24628,15868,15046
$PMXYZ,21874,15705,4006
$PGXYZ,-20971,16055,-10486
$PAXYZ,-14825,15848,24482
$PMXYZ,-3314,15717,2160
$PGXYZ,15729,16042,-18350
$PAXYZ,-1783,15838,-7430
$PMXYZ,29256,15737,30115
$PGXYZ,-7864,15738,5243
$PAXYZ,-27866,15858,-910
$PMXYZ,-25921,15747,-7466
$PGXYZ,7864,15813,23593
$GPRMC,113423.000,A,5038.5586,N,00123.8248,W,0.02,197.11,120120,,,A*71
$PAXYZ,-30235,15877,17960
$PMXYZ,-7402,15740,4929
$PGXYZ,5243,16078,-10486
$PAXYZ,20547,15876,-26300
$PMXYZ,-9249,15732,14554
$PGXYZ,15729,16042,7864
$PAXYZ,-8961,15873,8526
$PMXYZ,-24411,15707,-10234
$PGXYZ,13107,-17101,23593
$PAXYZ,30821,15814,24482
$PMXYZ,29654,15698,-4697
$PGXYZ,15729,15914,23593
$GPRMC,113424.000,A,5038.5586,N,00123.8249,W,0.01,174.09,120120,,,A*70
$PAXYZ,-31290,15836,-27503
$PMXYZ,-16295,15748,-27641
$PGXYZ,2622,15959,2622
$PAXYZ,31149,15863,12642
$PMXYZ,2957,15751,20489
$PGXYZ,7864,16069,-18350
$PAXYZ,-14825,15848,-3313
$PMXYZ,10003,15735,11786
$PGXYZ,-13107,16028,7864
$PAXYZ,-30235,15877,3207
$PMXYZ,-28500,15730,-5621
$PGXYZ,23593,15887,-31457
$PAXYZ,-21346,15853,20365
$PMXYZ,31499,15706,-6543
$PGXYZ,-13107,16028,-13107
$GPRMC,113425.000,A,5038.5582,N,00123.8247,W,0.01,347.92,120120,,,A*7B
$PAXYZ,-11729,15821,-16866
$PMXYZ,14093,15712,-8389
$PGXYZ,-31457,16091,15729
$PAXYZ,31149,15863,-26300
$PMXYZ,14093,15712,10864
$PGXYZ,-7864,16010,-5243
$PAXYZ,20547,15876,13843
$PMXYZ,4467,15711,20489
$PGXYZ,-7864,15994,-10486
$PAXYZ,22259,15887,32714
$PMXYZ,29989,15746,2160
$PGXYZ,0,16168,7864
$PAXYZ,31149,15863,23280
$PMXYZ,-18874,15731,-10234
$PGXYZ,-15729,16037,26214
$GPRMC,113426.000,A,5038.5580,N,00123.8247,W,0.01,238.10,120120,,,A*79
$PAXYZ,-21346,15853,32714
$PMXYZ,4467,15711,-6543
$PGXYZ,-2621,15976,-2621
$PAXYZ,-22002,15883,27397
$PMXYZ,-1468,15725,23257
$PGXYZ,20972,16024,28836
$PAXYZ,-728,15879,-6227
$PMXYZ,8158,15727,14554
$PGXYZ,-23593,16064,13107
$PAXYZ,27397,15792,13843
$PMXYZ,2223,15742,10864
$PGXYZ,13107,15923,-20971
$GPRMC,113427.000,A,5038.5578,N,00123.8246,W,0.00,81.24,120120,,,A*48
$PAXYZ,24300,15819,22077
$PMXYZ,15939,15720,19567
$PGXYZ,-5243,16001,23593
$PAXYZ,-3825,15906,3207
$PMXYZ,21874,15705,4929
$PGXYZ,-23593,16064,26214
$PAXYZ,21204,15846,23280
$PMXYZ,10003,15735,-29486
$PGXYZ,2622,16087,13107
$PAXYZ,21204,15846,-11547
$PMXYZ,19629,15736,23257
$PGXYZ,-15729,16037,7864
$PAXYZ,-14825,15848,-16866
$PMXYZ,17784,15728,-7466
$PGXYZ,-23593,16136,-20971
$GPRMC,113428.000,A,5038.5577,N,00123.8245,W,0.01,234.31,120120,,,A*72
$PAXYZ,-31290,15836,4409
$PMXYZ,-11094,15724,-6543
$PGXYZ,-13107,16028,26214
$PAXYZ,5793,15875,-28705
$PMXYZ,-22565,15715,30115
$PGXYZ,23593,16015,7864
$PAXYZ,1312,15812,-30417
$PMXYZ,6313,15719,2160
$PGXYZ,13107,16051,20972
$PAXYZ,-8632,15794,17960
$PMXYZ,-5159,15709,-6543
$PGXYZ,-18350,16046,13107
$GPRMC,113429.000,A,5038.5575,N,00123.8245,W,0.00,174.07,120120,,,A*72
$PAXYZ,-21346,15853,-26300
$PMXYZ,20027,15697,-24872
$PGXYZ,-5243,16129,23593
$PAXYZ,-30235,15877,-7430
$PMXYZ,-30345,15722,21412
$PGXYZ,-31457,16091,-20971
$PAXYZ,-8305,15843,3207
$PMXYZ,-12939,15716,-5621
$PGXYZ,-5243,16113,-31457
$PAXYZ,14027,15881,-16866
$PMXYZ,-24998,15751,30115
$PGXYZ,26214,16118,31457
$PAXYZ,-21674,15804,-16866
$PMXYZ,378,15734,3083
$PGXYZ,-2621,15976,26214
$GPRMC,113430.000,A,5038.5574,N,00123.8244,W,0.00,334.18,120120,,,A*72
$PAXYZ,-8961,15873,-11547
$PMXYZ,-6669,15749,29192
$PGXYZ,2622,15831,-2621
$PAXYZ,-4879,15865,12642
$PMXYZ,25564,15721,-9311
$PGXYZ,20972,16024,-2621
$PAXYZ,31149,15863,-16866
$PMXYZ,-11094,15724,-8389
$PGXYZ,7864,15941,-23593
$PAXYZ,-31290,15836,17960
$PMXYZ,8557,15688,-4697
$PGXYZ,-7864,15866,5243
$GPRMC,113431.000,A,5038.5573,N,00123.8244,W,0.01,166.71,120120,,,A*7F
$PAXYZ,-728,15879,13843
$PMXYZ,-14785,15708,-24872
$PGXYZ,2622,16087,26214
$PAXYZ,4738,15834,-10344
$PMXYZ,-12939,15716,13631
$PGXYZ,-18350,16046,10486
$PAXYZ,-27866,15858,-24588
$PMXYZ,11660,15748,20489
$PGXYZ,10486,16060,-10486
$PAXYZ,-31620,15787,28597
$PMXYZ,31499,15706,1237
$PGXYZ,7864,16069,-2621
$PAXYZ,14027,15881,-26300
$PMXYZ,-11094,15724,-5621
$PGXYZ,-20971,16055,26214
$GPRMC,113432.000,A,5038.5573,N,00123.8244,W,0.00,267.00,120120,,,A*79
$PAXYZ,-13769,15889,-12749
$PMXYZ,-7402,15740,-4697
$PGXYZ,-7864,15866,-2621
$PAXYZ,-8632,15794,-910
$PMXYZ,-22565,15715,-24872
$PGXYZ,23593,15375,-5243
$PAXYZ,5793,15875,23280
$PMXYZ,-7591,15745,-12478
$PGXYZ,13107,15923,-20971
$PAXYZ,-27866,15858,-26300
$PMXYZ,378,15734,-7466
$PGXYZ,-23593,16064,-23593
$GPRMC,113433.000,A,5038.5573,N,00123.8244,W,0.01,202.10,120120,,,A*7B
$PAXYZ,20547,15876,27397
$PMXYZ,14093,15712,20489
$PGXYZ,-2621,15976,7864
$PAXYZ,-11401,15870,-20983
$PMXYZ,10003,15735,314
$PGXYZ,-2621,16104,28836
$PAXYZ,5793,15875,-11547
$PMXYZ,2223,15742,-18937
$PGXYZ,-23593,16064,2621
$PAXYZ,-7248,15884,-910
$PMXYZ,19629,15736,314
$PGXYZ,15729,16042,-13107
$PAXYZ,-31290,15836,-27503
$PMXYZ,-30345,15722,31961
$PGXYZ,-5243,16001,-2621
$GPRMC,113434.000,A,5038.5573,N,00123.8244,W,0.00,163.88,120120,,,A*78
$PAXYZ,17451,15903,-28705
$PMXYZ,29256,15737,-24872
$PGXYZ,13107,15923,-13107
$PAXYZ,24628,15868,-7430
$PMXYZ,-12939,15716,23257
$PGXYZ,20972,16024,-23593
$PAXYZ,-30235,15877,-7430
$PMXYZ,-7004,15701,-17092
$PGXYZ,23593,15759,-2621
$PAXYZ,-27866,15858,28597
$PMXYZ,14093,15712,-25795
$PGXYZ,-7864,15866,18350
$GPRMC,113435.000,A,5038.5573,N,00123.8244,W,0.01,327.90,120120,,,A*73
$PAXYZ,31149,15863,7324
$PMXYZ,-5159,15709,18644
$PGXYZ,-26214,16145,13107
$PAXYZ,1641,15861,15046
$PMXYZ,-26256,15699,18644
$PGXYZ,10486,15932,-18350
$PAXYZ,-15153,15799,31002
$PMXYZ,2223,15742,314
$PGXYZ,5243,15950,10486
$PAXYZ,-15482,15878,-910
$PMXYZ,21874,15705,20489
$PGXYZ,31457,16100,-5243
$PAXYZ,8163,15856,-20983
$PMXYZ,-26655,15738,-15246
$PGXYZ,5243,15950,-23593
$GPRMC,113436.000,A,5038.5573,N,00123.8244,W,0.00,193.19,120120,,,A*7D
$PAXYZ,-30235,15877,802
$PMXYZ,29989,15746,18644
$PGXYZ,2622,15831,-13107
$PAXYZ,2696,15902,3207
$PMXYZ,2223,15742,-18014
$PGXYZ,7864,16069,18350
$PAXYZ,1641,15861,-30417
$PMXYZ,776,15695,-20783
$PGXYZ,-2621,15976,7864
$PAXYZ,20547,15876,27397
$PMXYZ,23719,15713,-32652
$PGXYZ,26214,15878,23593
$GPRMC,113437.000,A,5038.5573,N,00123.8244,W,0.01,188.98,120120,,,A*7E
$PAXYZ,-21346,15853,-27503
$PMXYZ,378,15734,-24872
$PGXYZ,-18350,16046,-5243
$PAXYZ,5793,15875,28597
$PMXYZ,-8850,15693,-15246
$PGXYZ,-18350,16046,2622
$PAXYZ,4738,15834,-28705
$PMXYZ,-17218,15744,2160
$PGXYZ,28836,16109,-13107
$PAXYZ,-15482,15878,-11547
$PMXYZ,-22565,15715,-6543
$PGXYZ,10486,16060,-18350
$PAXYZ,-21346,15853,12642
$PMXYZ,4467,15711,-15246
$PGXYZ,-7864,15866,-31457
$GPRMC,113438.000,A,5038.5573,N,00123.8244,W,0.00,0.00,120120,,,A*70
$PAXYZ,-23714,15872,2004
$PMXYZ,-20720,15723,4006
$PGXYZ,26214,16118,31457
$PAXYZ,-11401,15870,-20983
$PMXYZ,19629,15736,25502
$PGXYZ,13107,15923,23593
$PAXYZ,11258,15829,9729
$PMXYZ,-7402,15740,-15246
$PGXYZ,-7864,15994,28836
$PAXYZ,21204,15846,-31620
$PMXYZ,14093,15712,19567
$PGXYZ,23593,15759,-13107
$GPRMC,113439.000,A,5038.5573,N,00123.8244,W,0.00,0.00,120120,,,A*71
$PAXYZ,-1783,15838,-11547
$PMXYZ,-3314,15717,11786
$PGXYZ,7864,15941,13107
$PAXYZ,-728,15879,-11547
$PMXYZ,20363,15745,-25795
$PGXYZ,5243,16078,-23593
$PAXYZ,5793,15875,7324
$PMXYZ,-22565,15715,18644
$PGXYZ,20972,15896,13107
$PAXYZ,-5208,15816,31002
$PMXYZ,6313,15719,12709
$PGXYZ,-26214,16073,-5243
$PAXYZ,14682,15851,13843
$PMXYZ,-30345,15722,314
$PGXYZ,7864,16069,-31457
$GPRMC,113440.000,A,5038.5573,N,00123.8244,W,0.00,0.00,120120,,,A*7F
$PAXYZ,-27866,15858,-19269
$PMXYZ,-20720,15723,31037
$PGXYZ,-5243,16113,28836
$PAXYZ,14027,15881,8526
$PMXYZ,-14785,15708,13631
$PGXYZ,-26214,16073,10486
$PAXYZ,-2113,15789,12642
$PMXYZ,31499,15706,13631
$PGXYZ,15729,16042,-5243
$PAXYZ,17779,15824,28597
$PMXYZ,14093,15712,-3774
$PGXYZ,-20971,16055,-18350
$GPRMC,113441.000,A,5038.5573,N,00123.8244,W,0.00,39.82,120120,,,A*4E
$PAXYZ,-27866,15858,4409
$PMXYZ,-24411,15707,13631
$PGXYZ,-5243,15985,-15729
$PAXYZ,5793,15875,13843
$PMXYZ,11849,15743,-5621
$PGXYZ,10486,16060,10486
$PAXYZ,-8961,15873,-27503
$PMXYZ,-17218,15744,-14324
$PGXYZ,10486,16060,28836
$PAXYZ,-15482,15878,-12749
$PMXYZ,21874,15705,11786
$PGXYZ,5243,15950,28836
$PAXYZ,-5536,15895,28597
$PMXYZ,2034,15747,-29486
$PGXYZ,-18350,16046,-31457
$GPRMC,113442.000,A,5038.5573,N,00123.8244,W,0.00,201.79,120120,,,A*70
$PAXYZ,8163,15856,19163
$PMXYZ,-32191,15714,-14324
$PGXYZ,26214,16134,0
$PAXYZ,30492,15765,-23386
$PMXYZ,17784,15728,-7466
$PGXYZ,-7864,16010,-2621
$PAXYZ,28780,15882,8526
$PMXYZ,-12939,15716,19567
$PGXYZ,-18350,16046,31457
$PAXYZ,24300,15819,32714
$PMXYZ,-3314,15717,1237
$PGXYZ,13107,15923,-20971
$GPRMC,113443.000,A,5038.5573,N,00123.8244,W,0.00,279.59,120120,,,A*7C
$PAXYZ,20547,15876,-31620
$PMXYZ,-3314,15717,22334
$PGXYZ,5243,15950,-31457
$PAXYZ,14355,15802,12642
$PMXYZ,378,15734,28270
$PGXYZ,-5243,16001,-15729
$PAXYZ,-8632,15794,-12749
$PMXYZ,14093,15712,-10234
$PGXYZ,10486,16060,15729
$PAXYZ,985,15891,-16866
$PMXYZ,25564,15721,-27641
$PGXYZ,0,16096,15729
$PAXYZ,27397,15792,-18069
$PMXYZ,21874,15705,314
$PGXYZ,15729,16042,-15729
$GPRMC,113444.000,A,5038.5573,N,00123.8244,W,0.01,206.30,120120,,,A*7D
$PAXYZ,14027,15881,-6227
$PMXYZ,-20720,15723,314
$PGXYZ,10486,16060,-13107
$PAXYZ,21204,15846,17960
$PMXYZ,27809,15690,314
$PGXYZ,26214,16006,-15729
$PAXYZ,-11401,15870,32714
$PMXYZ,27809,15690,31961
$PGXYZ,-7864,16010,-7864
$PAXYZ,11258,15829,12642
$PMXYZ,-20720,15723,-18014
$PGXYZ,-20971,16055,-23593
$GPRMC,113445.000,A,5038.5573,N,00123.8244,W,0.01,7.18,120120,,,A*75
$PAXYZ,-11401,15870,17960
$PMXYZ,-24411,15707,21412
$PGXYZ,5243,16078,31457
$PAXYZ,-22002,15883,27397
$PMXYZ,-32191,15714,-18937
$PGXYZ,10486,16060,18350
$PAXYZ,-31290,15836,-28705
$PMXYZ,-20720,15723,30115
$PGXYZ,13107,16051,31457
$PAXYZ,-8961,15873,-31620
$PMXYZ,-17029,15739,11786
$PGXYZ,7864,16069,-7864
$PAXYZ,-8305,15843,-3313
$PMXYZ,-8850,15693,-7466
$PGXYZ,-13107,16028,-15729
$GPRMC,113446.000,A,5038.5573,N,00123.8244,W,0.00,159.35,120120,,,A*72
$PAXYZ,5793,15875,23280
$PMXYZ,378,15734,29192
$PGXYZ,5243,16078,-23593
$PAXYZ,24628,15868,23280
$PMXYZ,-6669,15749,-7466
$PGXYZ,15729,16042,-31457
$PAXYZ,28780,15882,-7430
$PMXYZ,10402,15696,-7466
$PGXYZ,-26214,16073,26214
$PAXYZ,31149,15863,-12749
$PMXYZ,-22565,15715,-23949
$PGXYZ,18350,16033,28836
$GPRMC,113447.000,A,5038.5573,N,00123.8244,W,0.00,304.79,120120,,,A*71
$PAXYZ,-22002,15883,-22183
$PMXYZ,32758,15758,20489
$PGXYZ,5243,16078,13107
$PAXYZ,-27866,15858,13843
$PMXYZ,2621,15703,-2454
$PGXYZ,26214,16006,-31457
$PAXYZ,20547,15876,8526
$PMXYZ,27409,15729,-18014
$PGXYZ,-15729,16037,-13107
$PAXYZ,31149,15863,2004
$PMXYZ,14093,15712,21412
$PGXYZ,-5243,16001,10486
$PAXYZ,8163,15856,-2113
$PMXYZ,-15372,15752,21412
$PGXYZ,-23593,16064,15729
$GPRMC,113448.000,A,5038.5573,N,00123.8244,W,0.00,79.27,120120,,,A*4C
$PAXYZ,-28195,15809,-6227
$PMXYZ,21286,15749,-26717
$PGXYZ,-26214,16145,15729
$PAXYZ,31149,15863,12642
$PMXYZ,14093,15712,31037
$PGXYZ,-23593,16136,-13107
$PAXYZ,28780,15882,-31620
$PMXYZ,-18476,15692,-26717
$PGXYZ,31457,16100,7864
$PAXYZ,-4879,15865,-11547
$PMXYZ,-32191,15714,4006
$PGXYZ,20972,16024,26214
$GPRMC,113449.000,A,5038.5573,N,00123.8244,W,0.00,0.00,120120,,,A*76
$PAXYZ,8163,15856,32714
$PMXYZ,378,15734,30115
$PGXYZ,18350,15905,18350
$PAXYZ,21204,15846,-16866
$PMXYZ,-12939,15716,20489
$PGXYZ,-31457,16091,-13107
$PAXYZ,27724,15841,3207
$PMXYZ,-16631,15700,-7466
$PGXYZ,-5243,16129,10486
$PAXYZ,-11401,15870,27397
$PMXYZ,29256,15737,-8389
$PGXYZ,-20971,16055,-13107
$PAXYZ,-7248,15884,-22183
$PMXYZ,10003,15735,-27641
$PGXYZ,5243,15950,18350
$GPRMC,113450.000,A,5038.5573,N,00123.8244,W,0.00,322.07,120120,,,A*7A
$PAXYZ,-8961,15873,-16866
$PMXYZ,29256,15737,19567
$PGXYZ,15729,16042,5243
$PAXYZ,5793,15875,-28705
$PMXYZ,-22565,15715,-8389
$PGXYZ,7864,16141,-26214
$PAXYZ,-15153,15799,23280
$PMXYZ,12247,15704,27347
$PGXYZ,20972,16024,26214
$PAXYZ,-28523,15888,-22183
$PMXYZ,29989,15746,15875
$PGXYZ,-23593,16064,10486
$GPRMC,113451.000,A,5038.5573,N,00123.8244,W,0.01,339.40,120120,,,A*73
$PAXYZ,-15482,15878,15046
$PMXYZ,17784,15728,-16169
$PGXYZ,-7864,-17030,-7864
$PAXYZ,-14825,15848,4409
$PMXYZ,10003,15735,31037
$PGXYZ,20972,16024,-2621
$PAXYZ,-23714,15872,-11547
$PMXYZ,2223,15742,-25795
$PGXYZ,26214,15878,-7864
$PAXYZ,-15482,15878,-2113
$PMXYZ,-7402,15740,30115
$PGXYZ,23593,16127,-10486
$PAXYZ,8163,15856,-28705
$PMXYZ,12583,15752,-27641
$PGXYZ,26214,16118,-13107
$GPRMC,113452.000,A,5038.5573,N,00123.8244,W,0.01,357.28,120120,,,A*76
$PAXYZ,-24771,15831,8526
$PMXYZ,-11094,15724,2160
$PGXYZ,20972,15896,10486
$PAXYZ,-31290,15836,-6227
$PMXYZ,29256,15737,2160
$PGXYZ,10486,15932,5243
$PAXYZ,4738,15834,-16866
$PMXYZ,-11094,15724,28270
$PGXYZ,7864,16069,-2621
$PAXYZ,31149,15863,-3313
$PMXYZ,-26256,15699,20489
$PGXYZ,-13107,16028,-23593
$GPRMC,113453.000,A,5038.5573,N,00123.8244,W,0.00,56.03,120120,,,A*4D
$PAXYZ,7506,15886,-15664
$PMXYZ,20027,15697,-16169
$PGXYZ,-15729,16037,0
$PAXYZ,-8305,15843,2004
$PMXYZ,-18874,15731,-4697
$PGXYZ,18350,15905,-7864
$PAXYZ,-30235,15877,32714
$PMXYZ,20363,15745,-608
$PGXYZ,13107,16051,-10486
$PAXYZ,31149,15863,-19269
$PMXYZ,-24411,15707,-15246
$PGXYZ,-2621,15848,20972
$PAXYZ,-11401,15870,-24588
$PMXYZ,-18874,15731,-23027
$PGXYZ,2622,16087,-18350
$GPRMC,113454.000,A,5038.5573,N,00123.8244,W,0.00,226.01,120120,,,A*7D
$PAXYZ,4738,15834,3207
$PMXYZ,-28500,15730,-4697
$PGXYZ,-13107,16028,-13107
$PAXYZ,-31290,15836,-31620
$PMXYZ,-26655,15738,4006
$PGXYZ,10486,16060,-15729
$PAXYZ,11258,15829,15046
$PMXYZ,-32191,15714,12709
$PGXYZ,10486,15932,-31457
$PAXYZ,4738,15834,13843
$PMXYZ,-5159,15709,-26717
$PGXYZ,-7864,16122,20972
$GPRMC,113455.000,A,5038.5573,N,00123.8243,W,0.00,287.36,120120,,,D*71
$PAXYZ,17779,15824,32714
$PMXYZ,27409,15729,6249
$PGXYZ,-7864,16122,13107
$PAXYZ,-728,15879,22077
$PMXYZ,-22565,15715,-7466
$PGXYZ,2622,16087,-20971
$PAXYZ,-8961,15873,-910
$PMXYZ,-29947,15683,17721
$PGXYZ,26214,16006,-5243
$PAXYZ,-4879,15865,-26300
$PMXYZ,23719,15713,30115
$PGXYZ,-2621,15976,18350
$PAXYZ,-4879,15865,-6227
$PMXYZ,21874,15705,-18937
$PGXYZ,23593,15503,2622
$GPRMC,113456.000,A,5038.5573,N,00123.8243,W,0.00,297.47,120120,,,D*75
$PAXYZ,-13769,15889,6121
$PMXYZ,-12541,15677,21412
$PGXYZ,20972,16024,-31457
$PAXYZ,28780,15882,-10344
$PMXYZ,23719,15713,-21706
$PGXYZ,-15729,16037,13107
$PAXYZ,4738,15834,3207
$PMXYZ,12247,15704,9941
$PGXYZ,18350,15905,26214
$PAXYZ,-31290,15836,-16866
$PMXYZ,-7591,15745,314
$PGXYZ,0,16096,23593
$GPRMC,113457.000,A,5038.5573,N,00123.8243,W,0.00,291.10,120120,,,D*70
$PAXYZ,27724,15841,-6227
$PMXYZ,-7402,15740,-28563
$PGXYZ,2622,16087,20972
$PAXYZ,-15482,15878,-22183
$PMXYZ,-17218,15744,-19860
$PGXYZ,2622,16087,0
$PAXYZ,17451,15903,-10344
$PMXYZ,-7004,15701,11786
$PGXYZ,-31457,16091,-2621
$PAXYZ,-23714,15872,19163
$PMXYZ,15939,15720,1237
$PGXYZ,2622,15959,-5243
$PAXYZ,24628,15868,19163
$PMXYZ,-3314,15717,-21307
$PGXYZ,5243,16078,28836
$GPRMC,113458.000,A,5038.5572,N,00123.8243,W,0.00,316.93,120120,,,D*7B
$PAXYZ,-14825,15848,24482
$PMXYZ,-5159,15709,21412
$PGXYZ,-15729,16037,10486
$PAXYZ,21204,15846,4409
$PMXYZ,-5159,15709,4929
$PGXYZ,20972,15896,0
$PAXYZ,-18249,15826,-16866
$PMXYZ,-7591,15745,16799
$PGXYZ,-2621,15848,7864
$PAXYZ,1641,15861,23280
$PMXYZ,31499,15706,-26717
$PGXYZ,13107,16051,23593
$GPRMC,113459.000,A,5038.5572,N,00123.8243,W,0.00,0.00,120120,,,D*74
$PAXYZ,-21674,15804,-7430
$PMXYZ,-18874,15731,3083
$PGXYZ,-26214,16073,-5243
$PAXYZ,-12057,15900,27397
$PMXYZ,25564,15721,29192
$PGXYZ,28836,16109,15729
$PAXYZ,-28523,15888,26194
$PMXYZ,-22167,15676,4006
$PGXYZ,-7864,15738,28836
$PAXYZ,-5208,15816,-20983
$PMXYZ,31499,15706,1237
$PGXYZ,-15729,16037,-23593
$PAXYZ,8163,15856,-22183
$PMXYZ,-28500,15730,23257
$PGXYZ,-10486,-16379,-13107
$GPRMC,113500.000,A,5038.5572,N,00123.8243,W,0.00,162.59,120120,,,D*70
$PAXYZ,-728,15879,-26300
$PMXYZ,-22565,15715,18644
$PGXYZ,-18350,16046,-15729
$PAXYZ,30492,15893,-31620
$PMXYZ,31499,15706,-9311
$PGXYZ,-7864,16010,0
$PAXYZ,-8632,15794,31513
$PMXYZ,-16295,15748,9017
$PGXYZ,2622,15959,7864
$PAXYZ,-11401,15870,11441
$PMXYZ,-28500,15730,20489
$PGXYZ,-20971,16055,-26214
$GPRMC,113501.000,A,5038.5571,N,00123.8243,W,0.00,149.22,120120,,,D*77
$PAXYZ,-4879,15865,-26300
$PMXYZ,378,15734,-1531
$PGXYZ,2622,16087,-26214
$PAXYZ,1641,15861,3207
$PMXYZ,18182,15689,25502
$PGXYZ,-23593,16064,18350
$PAXYZ,-5536,15895,-19269
$PMXYZ,12247,15704,-4299
$PGXYZ,-7864,15994,-20971
$PAXYZ,-21346,15853,3207
$PMXYZ,-22565,15715,19567
$PGXYZ,23593,15631,23593
$PAXYZ,24628,15868,-7430
$PMXYZ,8158,15727,9017
$PGXYZ,10486,16132,-23593
$GPRMC,113502.000,A,5038.5571,N,00123.8242,W,0.00,143.82,120120,,,D*75
$PAXYZ,15738,15892,-15664
$PMXYZ,10003,15735,314
$PGXYZ,31457,16100,31457
$PAXYZ,27724,15841,15046
$PMXYZ,27409,15729,-3774
$PGXYZ,20972,16024,13107
$PAXYZ,-399,15928,28597
$PMXYZ,-22565,15715,-9311
$PGXYZ,-10486,16147,31457
$PAXYZ,-5536,15895,23280
$PMXYZ,-18874,15731,4006
$PGXYZ,31457,16100,26214
$GPRMC,113503.000,A,5038.5571,N,00123.8242,W,0.00,161.18,120120,,,D*77
$PAXYZ,31149,15863,-26300
$PMXYZ,-20720,15723,-26717
$PGXYZ,7864,15941,23593
$PAXYZ,-11401,15870,9729
$PMXYZ,-20720,15723,-18014
$PGXYZ,5243,15950,10486
$PAXYZ,-8961,15873,-27503
$PMXYZ,23719,15713,-17092
$PGXYZ,0,16096,10486
$PAXYZ,17779,15824,32714
$PMXYZ,29654,15698,19567
$PGXYZ,5243,15950,-26214
$PAXYZ,-20290,15894,12642
$PMXYZ,25564,15721,-608
$PGXYZ,15729,16042,-7864
$GPRMC,113504.000,A,5038.5570,N,00123.8242,W,0.01,193.61,120120,,,D*73
$PAXYZ,8163,15856,-23386
$PMXYZ,10003,15735,25502
$PGXYZ,2622,16087,18350
$PAXYZ,-14825,15848,7324
$PMXYZ,-17218,15744,-7466
$PGXYZ,2622,15831,26214
$PAXYZ,-4879,15865,-10344
$PMXYZ,6313,15719,19567
$PGXYZ,15729,16042,-15729
$PAXYZ,-8961,15873,27397
$PMXYZ,27409,15729,1237
$PGXYZ,20972,16152,15729
$GPRMC,113505.000,A,5038.5570,N,00123.8242,W,0.01,182.76,120120,,,D*74
$PAXYZ,24628,15868,-11547
$PMXYZ,-22565,15715,-27641
$PGXYZ,-13107,16028,-2621
$PAXYZ,8163,15856,3207
$PMXYZ,-11094,15724,28270
$PGXYZ,18350,15905,0
$PAXYZ,-23386,15921,8526
$PMXYZ,23719,15713,-8389
$PGXYZ,13107,-17101,23593
$PAXYZ,-4879,15865,-910
$PMXYZ,20027,15697,26424
$PGXYZ,10486,16060,0
$PAXYZ,-2113,15789,-31620
$PMXYZ,20363,15745,31961
$PGXYZ,20972,16394,-31457
$GPRMC,113506.000,A,5038.5570,N,00123.8241,W,0.01,159.27,120120,,,D*76
$PAXYZ,31149,15863,-16866
$PMXYZ,-11094,15724,29192
$PGXYZ,-20971,16055,23593
$PAXYZ,-10344,15911,24482
$PMXYZ,-12939,15716,29192
$PGXYZ,26214,16006,-2621
$PAXYZ,-30235,15877,23280
$PMXYZ,-18476,15692,-26717
$PGXYZ,20972,15896,26214
$PAXYZ,-31290,15836,-910
$PMXYZ,-30345,15722,9941
$PGXYZ,10486,16132,18350
$GPRMC,113507.000,A,5038.5569,N,00123.8241,W,0.01,160.25,120120,,,D*77
$PAXYZ,24628,15868,-16866
$PMXYZ,-28500,15730,8095
$PGXYZ,23593,16127,10486
$PAXYZ,24628,15868,7324
$PMXYZ,27409,15729,3083
$PGXYZ,-10486,16147,5243
$PAXYZ,-30235,15877,-16866
$PMXYZ,12247,15704,21412
$PGXYZ,10486,16060,-20971
$PAXYZ,-23714,15872,-20983
$PMXYZ,-17029,15739,-13401
$PGXYZ,10486,15932,-20971
$PAXYZ,15738,15892,28597
$PMXYZ,-20720,15723,19567
$PGXYZ,-7864,16010,10486
$GPRMC,113508.000,A,5038.5569,N,00123.8241,W,0.01,46.12,120120,,,D*49
$PAXYZ,-31290,15836,-6227
$PMXYZ,-22565,15715,-23027
$PGXYZ,-2621,15976,2622
$PAXYZ,15738,15892,-7430
$PMXYZ,29256,15737,23257
$PGXYZ,-7864,16122,-10486
$PAXYZ,-1783,15838,-15664
$PMXYZ,378,15734,-27641
$PGXYZ,-31457,16091,-23593
$PAXYZ,5793,15875,23280
$PMXYZ,29256,15737,20489
$PGXYZ,5243,16078,15729
$GPRMC,113509.000,A,5038.5568,N,00123.8240,W,0.01,59.99,120120,,,D*45
$PAXYZ,-8961,15873,-7430
$PMXYZ,378,15734,-9311
$PGXYZ,15729,16042,2622
$PAXYZ,-31290,15836,-910
$PMXYZ,-28500,15730,-29486
$PGXYZ,0,16168,-7864
$PAXYZ,31149,15863,-16866
$PMXYZ,6313,15719,-9311
$PGXYZ,18350,16033,-10486
$PAXYZ,-8961,15873,27397
$PMXYZ,-16631,15700,-28563
$PGXYZ,10486,16060,-15729
$PAXYZ,-4879,15865,-30417
$PMXYZ,-32191,15714,-19860
$PGXYZ,-7864,16010,-26214
$PAXYZ,-28523,15888,-5027
$PMXYZ,-28500,15730,2160
$PGXYZ,23593,15503,26214
$PAXYZ,-14825,15848,17960
$PMXYZ,-7004,15701,11786
$PGXYZ,26214,16118,26214
$GPRMC,113510.000,A,5038.5568,N,00123.8240,W,0.01,19.28,120120,,,D*43
$PAXYZ,-13769,15889,-22183
$PMXYZ,29654,15698,18644
$PGXYZ,18350,16033,-2621
$PAXYZ,31149,15863,-6227
$PMXYZ,-28500,15730,-18014
$PGXYZ,-18350,16046,-20971
$PAXYZ,8163,15856,32714
$PMXYZ,31499,15706,9941
$PGXYZ,5243,16078,2621
$PAXYZ,-15482,15878,22077
$PMXYZ,-5159,15709,-11156
$PGXYZ,26214,15878,0
$GPRMC,113511.000,A,5038.5568,N,00123.8240,W,0.01,25.02,120120,,,D*45
$PAXYZ,30821,15814,-15664
$PMXYZ,4467,15711,-31331
$PGXYZ,0,15968,2621
$PAXYZ,-1783,15838,29799
$PMXYZ,10003,15735,-26717
$PGXYZ,0,16096,-28836
$PAXYZ,-21346,15853,-910
$PMXYZ,-24411,15707,-18014
$PGXYZ,-13107,16028,20972
$PAXYZ,-11401,15870,-2113
$PMXYZ,-28500,15730,10864
$PGXYZ,-15729,16037,31457
$PAXYZ,-11401,15870,-27503
$PMXYZ,20363,15745,18644
$PGXYZ,13107,16051,18350
$GPRMC,113512.000,A,5038.5568,N,00123.8239,W,0.01,160.73,120120,,,D*7E
$PAXYZ,27724,15841,19163
$PMXYZ,31499,15706,4929
$PGXYZ,26214,16134,-23593
$PAXYZ,-30235,15877,-2113
$PMXYZ,-26655,15738,19567
$PGXYZ,5243,16078,26214
$PAXYZ,8163,15856,-2113
$PMXYZ,-12939,15716,30115
$PGXYZ,2622,16087,31457
$PAXYZ,14027,15881,2004
$PMXYZ,-16631,15700,13631
$PGXYZ,2622,15575,31457
$GPRMC,113513.000,A,5038.5567,N,00123.8239,W,0.01,155.16,120120,,,D*75
$PAXYZ,-31290,15836,-18069
$PMXYZ,6313,15719,-17092
$PGXYZ,20972,16024,26214
$PAXYZ,21204,15846,4409
$PMXYZ,23719,15713,-26717
$PGXYZ,-5243,16001,-31457
$PAXYZ,14027,15881,-910
$PMXYZ,4865,15672,31961
$PGXYZ,2622,16087,31457
$PAXYZ,-27866,15858,4409
$PMXYZ,10003,15735,9941
$PGXYZ,23593,16015,-2621
$PAXYZ,1641,15861,-31620
$PMXYZ,-18476,15692,-32652
$PGXYZ,18350,15777,7864
$GPRMC,113514.000,A,5038.5567,N,00123.8239,W,0.01,182.50,120120,,,D*7A
$PAXYZ,14682,15851,13843
$PMXYZ,-7004,15701,1237
$PGXYZ,0,16168,-7864
$PAXYZ,-14825,15848,-30417
$PMXYZ,-14785,15708,19567
$PGXYZ,5243,16078,0
$PAXYZ,21204,15846,-12749
$PMXYZ,21874,15705,31961
$PGXYZ,26214,16006,-26214
$PAXYZ,-7248,15884,17960
$PMXYZ,31499,15706,-17092
$PGXYZ,-5243,16001,13107
$GPRMC,113515.000,A,5038.5566,N,00123.8239,W,0.01,166.22,120120,,,D*75
$PAXYZ,22259,15887,-30417
$PMXYZ,776,15695,-24872
$PGXYZ,31457,16100,-2621
$PAXYZ,20547,15876,32714
$PMXYZ,12247,15704,24181
$PGXYZ,-28836,16082,15729
$PAXYZ,14682,15851,-11547
$PMXYZ,-3314,15717,-6543
$PGXYZ,13107,16051,-5243
$PAXYZ,8163,15856,19163
$PMXYZ,23719,15713,-13401
$PGXYZ,-2621,16104,-15729
$PAXYZ,-23714,15872,28597
$PMXYZ,-3314,15717,-27641
$PGXYZ,10486,16132,7864
$GPRMC,113516.000,A,5038.5566,N,00123.8239,W,0.00,171.15,120120,,,D*75
$PAXYZ,-8961,15873,8526
$PMXYZ,10003,15735,-24872
$PGXYZ,0,16096,-28836
$PAXYZ,-15482,15878,19163
$PMXYZ,-22565,15715,9941
$PGXYZ,26214,16006,18350
$PAXYZ,4738,15834,20365
$PMXYZ,-14450,15756,30115
$PGXYZ,13107,16051,10486
$PAXYZ,21204,15846,-7430
$PMXYZ,-16295,15748,13631
$PGXYZ,-7864,16138,-7864
$GPRMC,113517.000,A,5038.5566,N,00123.8239,W,0.00,0.00,120120,,,D*77
$PAXYZ,24300,15819,7324
$PMXYZ,-11094,15724,-26717
$PGXYZ,7864,15813,-5243
$PAXYZ,8163,15856,13843
$PMXYZ,27409,15729,2160
$PGXYZ,23593,16143,13107
$PAXYZ,27724,15841,-22183
$PMXYZ,-26655,15738,-17092
$PGXYZ,20972,16024,26214
$PAXYZ,-27866,15858,13843
$PMXYZ,-5159,15709,-28563
$PGXYZ,-5243,16129,-31457
$PAXYZ,21204,15846,27397
$PMXYZ,-12939,15716,11786
$PGXYZ,18350,16033,10486
$GPRMC,113518.000,A,5038.5566,N,00123.8238,W,0.00,177.30,120120,,,D*7B
$PAXYZ,24628,15868,8526
$PMXYZ,-22565,15715,11786
$PGXYZ,23593,16015,-15729
$PAXYZ,21204,15846,25684
$PMXYZ,6313,15719,-5621
$PGXYZ,-2621,15976,-15729
$PAXYZ,8163,15856,-31620
$PMXYZ,29654,15698,20489
$PGXYZ,-20971,16055,31457
$PAXYZ,-8961,15873,17960
$PMXYZ,23719,15713,-32652
$PGXYZ,7864,15813,-2621
$PAXYZ,5793,15875,29799
$PMXYZ,-14785,15708,-26717
$PGXYZ,31457,16100,20972
$GPRMC,113519.000,A,5038.5566,N,00123.8238,W,0.00,170.15,120120,,,D*7A
$PAXYZ,-20290,15894,-2113
$PMXYZ,-32191,15714,-7466
$PGXYZ,-20971,16055,-31457
$PAXYZ,20875,15797,9729
$PMXYZ,20027,15697,4929
$PGXYZ,31457,16100,18350
$PAXYZ,-8305,15843,-910
$PMXYZ,-1069,15686,314
$PGXYZ,0,16096,-26214
$PAXYZ,-31290,15836,-18069
$PMXYZ,-26256,15699,20489
$PGXYZ,20972,15896,10486
$GPRMC,113520.000,A,5038.5566,N,00123.8238,W,0.01,153.61,120120,,,D*73
$PAXYZ,-11401,15870,-30417
$PMXYZ,-20720,15723,13631
$PGXYZ,-26214,16073,10486
$PAXYZ,7506,15886,-23386
$PMXYZ,-5159,15709,-5621
$PGXYZ,-5243,16001,28836
$PAXYZ,-11401,15870,-3313
$PMXYZ,-32191,15714,-11555
$PGXYZ,-7864,16010,31457
$PAXYZ,1641,15861,3207
$PMXYZ,8158,15727,-24872
$PGXYZ,23593,15887,0
$PAXYZ,20875,15797,4409
$PMXYZ,25564,15721,16399
$PGXYZ,-5243,15985,-2621
$GPRMC,113521.000,A,5038.5565,N,00123.8238,W,0.00,309.84,120120,,,D*76
$PAXYZ,5793,15875,8526
$PMXYZ,4467,15711,-5621
$PGXYZ,20972,16024,15729
$PAXYZ,14355,15802,23280
$PMXYZ,29654,15698,-23949
$PGXYZ,-15729,16037,20972
$PAXYZ,31149,15863,-16866
$PMXYZ,-11094,15724,22334
$PGXYZ,28836,16109,13107
$PAXYZ,-30235,15877,9729
$PMXYZ,-30345,15722,2160
$PGXYZ,-5243,15985,0
$GPRMC,113522.000,A,5038.5565,N,00123.8237,W,0.00,0.00,120120,,,D*7C
$PAXYZ,24300,15819,28597
$PMXYZ,-20720,15723,31961
$PGXYZ,-31457,16091,7864
$PAXYZ,4738,15834,32714
$PMXYZ,-17218,15744,28270
$PGXYZ,-5243,16001,-15729
$PAXYZ,-22002,15883,-29908
$PMXYZ,29256,15737,21412
$PGXYZ,5243,15950,23593
$PAXYZ,31149,15863,-12749
$PMXYZ,-12939,15716,-5621
$PGXYZ,-2621,15848,28836
$PAXYZ,-4879,15865,-12749
$PMXYZ,31499,15706,31961
$PGXYZ,10486,15932,-31457
$GPRMC,113523.000,A,5038.5565,N,00123.8237,W,0.00,180.86,120120,,,D*7A
$PAXYZ,7506,15886,24482
$PMXYZ,6313,15719,-8389
$PGXYZ,-5243,16129,0
$PAXYZ,-27866,15858,22077
$PMXYZ,-22565,15715,11786
$PGXYZ,-2621,15848,-18350
$PAXYZ,28780,15882,8526
$PMXYZ,-14785,15708,-18937
$PGXYZ,-2621,15976,-26214
$PAXYZ,-8305,15843,-27503
$PMXYZ,-17029,15739,-25795
$PGXYZ,13107,15795,26214
$GPRMC,113524.000,A,5038.5565,N,00123.8237,W,0.00,147.39,120120,,,D*72
$PAXYZ,-8961,15873,-26300
$PMXYZ,10003,15735,4006
$PGXYZ,23593,16143,-23593
$PAXYZ,-20290,15894,-2113
$PMXYZ,25564,15721,-31730
$PGXYZ,-5243,16001,-2621
$PAXYZ,20547,15876,-11547
$PMXYZ,14093,15712,19567
$PGXYZ,7864,16069,-23593
$PAXYZ,-7248,15884,-3313
$PMXYZ,29256,15737,3083
$PGXYZ,-18350,16046,26214
$PAXYZ,-2113,15789,17960
$PMXYZ,17784,15728,25103
$PGXYZ,23593,15887,-5243
$GPRMC,113525.000,A,5038.5564,N,00123.8237,W,0.01,159.53,120120,,,D*70
$PAXYZ,14027,15881,23280
$PMXYZ,-7402,15740,4929
$PGXYZ,15729,16042,20972
$PAXYZ,21204,15846,-12749
$PMXYZ,-8850,15693,1237
$PGXYZ,-2621,15976,23593
$PAXYZ,-22002,15883,8526
$PMXYZ,-7402,15740,4006
$PGXYZ,23593,16015,13107
$PAXYZ,-14825,15848,32714
$PMXYZ,27409,15729,-24872
$PGXYZ,-13107,16028,-28836
$GPRMC,113526.000,A,5038.5564,N,00123.8237,W,0.00,319.01,120120,,,D*73
$PAXYZ,7506,15886,12642
$PMXYZ,19629,15736,18644
$PGXYZ,10486,15932,-31457
$PAXYZ,-23714,15872,-11547
$PMXYZ,-7402,15740,-16169
$PGXYZ,18350,16033,23593
$PAXYZ,17779,15824,32714
$PMXYZ,-14785,15708,9017
$PGXYZ,-23593,16136,10486
$PAXYZ,-23714,15872,27397
$PMXYZ,10003,15735,21412
$PGXYZ,26214,16118,2622
$PAXYZ,17779,15824,-2113
$PMXYZ,378,15734,-16169
$PGXYZ,-5243,16001,-31457
$GPRMC,113527.000,A,5038.5564,N,00123.8237,W,0.01,333.84,120120,,,D*76
$PAXYZ,-12057,15900,-2113
$PMXYZ,-28500,15730,31037
$PGXYZ,-2621,15848,13107
$PAXYZ,-11401,15870,-7430
$PMXYZ,25564,15721,-24872
$PGXYZ,7864,15941,-23593
$PAXYZ,15738,15892,-12749
$PMXYZ,15939,15720,-14324
$PGXYZ,28836,16109,28836
$PAXYZ,-27866,15858,28597
$PMXYZ,-30345,15722,9941
$PGXYZ,-23593,16136,2622
$GPRMC,113528.000,A,5038.5564,N,00123.8237,W,0.01,283.45,120120,,,D*7E
$PAXYZ,17451,15775,-23386
$PMXYZ,-16631,15700,-25795
$PGXYZ,20972,16024,26214
$PAXYZ,-30235,15877,-30417
$PMXYZ,-14785,15708,-17092
$PGXYZ,5243,16078,-2621
$PAXYZ,4738,15834,13843
$PMXYZ,2034,15747,-6543
$PGXYZ,7864,15813,-10486
$PAXYZ,8163,15856,28597
$PMXYZ,378,15734,-28563
$PGXYZ,-28836,16082,-31457
$PAXYZ,8163,15856,31513
$PMXYZ,-22565,15715,-16169
$PGXYZ,13107,16051,-15729
$GPRMC,113529.000,A,5038.5564,N,00123.8237,W,0.01,266.80,120120,,,D*7D
$PAXYZ,21204,15846,20365
$PMXYZ,2621,15703,-608
$PGXYZ,26214,16190,-7864
$PAXYZ,8163,15856,12642
$PMXYZ,29654,15698,-6543
$PGXYZ,-10486,16147,2621
$PAXYZ,21204,15846,32714
$PMXYZ,10738,15744,-10234
$PGXYZ,7864,15941,-31457
$PAXYZ,14027,15881,-28705
$PMXYZ,6313,15719,-16169
$PGXYZ,-10486,16147,23593
$GPRMC,113530.000,A,5038.5563,N,00123.8237,W,0.01,275.91,120120,,,D*70
$PAXYZ,-21346,15853,-12749
$PMXYZ,2621,15703,-26717
$PGXYZ,-31457,16091,13107
$PAXYZ,14682,15851,-10344
$PMXYZ,-24998,15751,314
$PGXYZ,-26214,16145,18350
$PAXYZ,-13769,15889,31513
$PMXYZ,19629,15736,29192
$PGXYZ,23593,16127,-7864
$PAXYZ,-4879,15865,-18069
$PMXYZ,-28500,15730,-7466
$PGXYZ,-7864,16010,13107
$GPRMC,113531.000,A,5038.5563,N,00123.8237,W,0.01,271.21,120120,,,D*7E
$PAXYZ,8163,15856,-11547
$PMXYZ,-5746,15753,1237
$PGXYZ,23593,16015,23593
$PAXYZ,4738,15834,292
$PMXYZ,2621,15703,11786
$PGXYZ,28836,16109,-23593
$PAXYZ,7506,15886,-22183
$PMXYZ,2621,15703,-24872
$PGXYZ,0,16096,-18350
$PAXYZ,17779,15824,-31620
$PMXYZ,-22167,15676,-8389
$PGXYZ,26214,16006,5243
$PAXYZ,14027,15881,2004
$PMXYZ,23719,15713,-7466
$PGXYZ,15729,15914,-13107
$GPRMC,113532.000,A,5038.5563,N,00123.8237,W,0.01,222.69,120120,,,D*77
$PAXYZ,14682,15851,9729
$PMXYZ,-16631,15700,3083
$PGXYZ,13107,15923,-5243
$PAXYZ,-28195,15809,-8632
$PMXYZ,-16631,15700,18644
$PGXYZ,-5243,15985,-31457
$PAXYZ,5793,15875,20365
$PMXYZ,-30345,15722,-16169
$PGXYZ,23593,16127,7864
$PAXYZ,-8632,15794,-27503
$PMXYZ,-5159,15709,17721
$PGXYZ,26214,16134,13107
$PAXYZ,21204,15846,7324
$PMXYZ,-7004,15701,10864
$PGXYZ,26214,16134,0
$GPRMC,113533.000,A,5038.5562,N,00123.8237,W,0.01,226.57,120120,,,D*7E
$PAXYZ,31149,15863,28597
$PMXYZ,14093,15712,-32652
$PGXYZ,0,15968,-5243
$PAXYZ,20547,15876,4409
$PMXYZ,14093,15712,20489
$PGXYZ,28836,16109,18350
$PAXYZ,-14825,15848,-22183
$PMXYZ,-26256,15699,9017
$PGXYZ,-26214,16073,-15729
$PAXYZ,-5536,15895,28597
$PMXYZ,-32191,15714,27347
$PGXYZ,26214,16006,-15729
$GPRMC,113534.000,A,5038.5562,N,00123.8237,W,0.01,230.45,120120,,,D*7D
$PAXYZ,-23714,15872,-12749
$PMXYZ,-7402,15740,20489
$PGXYZ,23593,15887,2622
$PAXYZ,-5536,15767,-22183
$PMXYZ,-11094,15724,29192
$PGXYZ,15729,16042,-7864
$PAXYZ,-30235,15877,292
$PMXYZ,-26256,15699,-4697
$PGXYZ,-28836,16154,-7864
$PAXYZ,-8961,15873,-8632
$PMXYZ,23719,15713,9941
$PGXYZ,26214,16006,10486
$GPRMC,113535.000,A,5038.5561,N,00123.8237,W,0.01,225.40,120120,,,D*7E
$PAXYZ,21204,15846,-2113
$PMXYZ,-26256,15699,21412
$PGXYZ,-5243,16001,-10486
$PAXYZ,27724,15841,-8632
$PMXYZ,29654,15698,-27641
$PGXYZ,23593,16143,-5243
$PAXYZ,-4879,15865,2004
$PMXYZ,-11094,15724,4006
$PGXYZ,-20971,16055,31457
$PAXYZ,-14825,15848,3207
$PMXYZ,378,15734,-16169
$PGXYZ,-13107,16028,7864
$PAXYZ,31149,15863,8526
$PMXYZ,-3314,15717,-7466
$PGXYZ,5243,15950,-20971
$GPRMC,113536.000,A,5038.5561,N,00123.8237,W,0.01,79.87,120120,,,D*4D
$PAXYZ,1641,15861,-31620
$PMXYZ,8557,15688,4929
$PGXYZ,-5243,16113,2621
$PAXYZ,14682,15851,-27503
$PMXYZ,-18874,15731,4006
$PGXYZ,26214,16118,-2621
$PAXYZ,4409,15785,31513
$PMXYZ,-18476,15692,-28563
$PGXYZ,2622,16087,-2621
$PAXYZ,-11401,15870,2004
$PMXYZ,10003,15735,19567
$PGXYZ,26214,16006,-15729
$PAXYZ,20547,15876,-16866
$PMXYZ,29989,15746,314
$PGXYZ,-28836,16082,-13107
$GPRMC,113537.000,A,5038.5561,N,00123.8236,W,0.01,61.41,120120,,,D*4E
$PAXYZ,17779,15824,-7430
$PMXYZ,-30345,15722,-8389
$PGXYZ,23593,15631,-5243
$PAXYZ,5793,15875,17960
$PMXYZ,17784,15728,-17092
$PGXYZ,23593,16143,20972
$PAXYZ,5793,15875,-23386
$PMXYZ,-11094,15724,1237
$PGXYZ,-15729,16037,26214
$PAXYZ,-5208,15816,4409
$PMXYZ,-22565,15715,22334
$PGXYZ,10486,16060,26214
$GPRMC,113538.000,A,5038.5561,N,00123.8236,W,0.01,63.13,120120,,,D*44
$PAXYZ,-30235,15877,20365
$PMXYZ,14093,15712,-15246
$PGXYZ,18350,15905,31457
$PAXYZ,1641,15861,-2113
$PMXYZ,2223,15742,-17092
$PGXYZ,-15729,16037,-31457
$PAXYZ,-22002,15883,13843
$PMXYZ,15939,15720,4006
$PGXYZ,-7864,16138,31457
$PAXYZ,14355,15802,-18069
$PMXYZ,378,15734,-27641
$PGXYZ,28836,16109,2621
$PAXYZ,-8305,15843,15046
$PMXYZ,-28102,15691,-23027
$PGXYZ,23593,16015,10486
$GPRMC,113539.000,A,5038.5561,N,00123.8236,W,0.01,61.21,120120,,,D*46
$PAXYZ,-4879,15865,-12749
$PMXYZ,-5159,15709,14554
$PGXYZ,-5243,15985,5243
$PAXYZ,5793,15875,-27503
$PMXYZ,-17218,15744,19567
$PGXYZ,23593,16127,-20971
$PAXYZ,30492,15893,-15664
$PMXYZ,-11094,15724,-17092
$PGXYZ,-31457,16091,-5243
$PAXYZ,8163,15856,-11547
$PMXYZ,25564,15721,-2852
$PGXYZ,26214,16118,0
$GPRMC,113540.000,A,5038.5561,N,00123.8236,W,0.00,90.17,120120,,,D*42
$PAXYZ,-27866,15858,-27503
$PMXYZ,-5746,15753,31961
$PGXYZ,-31457,16163,-13107
$PAXYZ,-1783,15838,10929
$PMXYZ,-30345,15722,5851
$PGXYZ,-20971,16055,-2621
$PAXYZ,1312,15812,-6227
$PMXYZ,29256,15737,29192
$PGXYZ,23593,15887,26214
$PAXYZ,21204,15846,24482
$PMXYZ,378,15734,11786
$PGXYZ,26214,16190,-13107
$PAXYZ,-30235,15877,-22183
$PMXYZ,17784,15728,3083
$PGXYZ,5243,16078,18350
$GPRMC,113541.000,A,5038.5561,N,00123.8236,W,0.01,169.11,120120,,,D*73
$PAXYZ,28780,15882,-29215
$PMXYZ,-10696,15685,13631
$PGXYZ,-13107,16156,-20971
$PAXYZ,-11401,15870,-7430
$PMXYZ,6313,15719,12709
$PGXYZ,10486,16132,23593
$PAXYZ,31149,15863,27397
$PMXYZ,-22565,15715,13631
$PGXYZ,-5243,16129,-15729
$PAXYZ,-8305,15843,32714
$PMXYZ,-14785,15708,5851
$PGXYZ,23593,16015,18350
$PAXYZ,-14825,15848,4409
$PMXYZ,-17218,15744,-30807
$PGXYZ,2622,16087,-23593
$GPRMC,113542.000,A,5038.5561,N,00123.8236,W,0.00,189.14,120120,,,D*7A
$PAXYZ,14027,15881,9729
$PMXYZ,23719,15713,-23949
$PGXYZ,-13107,16156,-2621
$PAXYZ,985,15891,11441
$PMXYZ,-24411,15707,10864
$PGXYZ,-7864,15994,31457
$PAXYZ,-31290,15836,3207
$PMXYZ,10003,15735,-17092
$PGXYZ,-28836,16082,-23593
$PAXYZ,-18249,15826,29799
$PMXYZ,6313,15719,-15246
$PGXYZ,10486,16060,7864
$GPRMC,113543.000,A,5038.5561,N,00123.8236,W,0.00,0.00,120120,,,D*7E
$PAXYZ,22259,15887,-2113
$PMXYZ,-7591,15745,31037
$PGXYZ,-26214,16145,18350
$PAXYZ,-14825,15848,23280
$PMXYZ,29989,15746,-12478
$PGXYZ,23593,15887,-28836
$PAXYZ,-728,15879,-19269
$PMXYZ,8557,15688,24181
$PGXYZ,31457,16100,18350
$PAXYZ,20547,15876,-5027
$PMXYZ,20363,15745,22334
$PGXYZ,18350,16033,15729
$PAXYZ,-13769,15889,8526
$PMXYZ,-32191,15714,11786
$PGXYZ,10486,16060,-7864
$GPRMC,113544.000,A,5038.5561,N,00123.8236,W,0.00,184.46,120120,,,D*76
$PAXYZ,27724,15841,17960
$PMXYZ,6313,15719,9941
$PGXYZ,-26214,16073,7864
$PAXYZ,-11401,15870,-7430
$PMXYZ,21874,15705,14554
$PGXYZ,-5243,16129,18350
$PAXYZ,-12057,15772,-25098
$PMXYZ,18182,15689,-16169
$PGXYZ,31457,16100,-15729
$PAXYZ,1641,15861,-7430
$PMXYZ,-7402,15740,2160
$PGXYZ,-28836,16082,-10486
$GPRMC,113545.000,A,5038.5561,N,00123.8236,W,0.00,41.35,120120,,,D*4B
$PAXYZ,-21346,15853,32714
$PMXYZ,21874,15705,-15246
$PGXYZ,2621,16159,-7864
$PAXYZ,11258,15829,-31620
$PMXYZ,776,15695,22334
$PGXYZ,-5243,16129,-5243
$PAXYZ,-7248,15884,10238
$PMXYZ,6313,15719,-26717
$PGXYZ,23593,16143,5243
$PAXYZ,17451,15903,5612
$PMXYZ,21874,15705,-16169
$PGXYZ,-31457,16091,-23593
$PAXYZ,-12057,15900,-6227
$PMXYZ,-1468,15725,-18014
$PGXYZ,-10486,16019,7864
$GPRMC,113546.000,A,5038.5561,N,00123.8236,W,0.00,0.00,120120,,,D*7B
$PAXYZ,14355,15802,-26300
$PMXYZ,10402,15696,-24872
$PGXYZ,-31457,16091,-5243
$PAXYZ,11258,15829,-30417
$PMXYZ,-28500,15730,11786
$PGXYZ,-23593,16136,-13107
$PAXYZ,4738,15834,-6227
$PMXYZ,-17218,15744,-11156
$PGXYZ,-2621,16104,0
$PAXYZ,-27866,15858,-29908
$PMXYZ,27409,15729,-9311
$PGXYZ,20972,16024,10486
$GPRMC,113547.000,A,5038.5561,N,00123.8236,W,0.00,0.00,120120,,,D*7A
$PAXYZ,21204,15846,-12749
$PMXYZ,-30345,15722,11786
$PGXYZ,23593,16015,28836
$PAXYZ,8163,15856,3207
$PMXYZ,-16631,15700,-15246
$PGXYZ,-18350,16046,-20971
$PAXYZ,15738,15892,10929
$PMXYZ,6313,15719,16799
$PGXYZ,0,16096,-15729
$PAXYZ,-8305,15843,-27503
$PMXYZ,15939,15720,-26717
$PGXYZ,-7864,16122,7864
$PAXYZ,5793,15875,17960
$PMXYZ,14093,15712,3083
$PGXYZ,15729,16042,-13107
$GPRMC,113548.000,A,5038.5561,N,00123.8236,W,0.00,346.80,120120,,,D*7C
$PAXYZ,-728,15879,13843
$PMXYZ,6313,15719,-19860
$PGXYZ,-28836,16082,28836
$PAXYZ,-21346,15853,28597
$PMXYZ,29256,15737,28270
$PGXYZ,-15729,16037,20972
$PAXYZ,14682,15851,3207
$PMXYZ,-14785,15708,31037
$PGXYZ,-13107,16156,-18350
$PAXYZ,14682,15851,-27503
$PMXYZ,-11094,15724,-8389
$PGXYZ,-7864,16010,7864
$GPRMC,113549.000,A,5038.5561,N,00123.8236,W,0.00,8.97,120120,,,D*72
$PAXYZ,-30235,15877,7324
$PMXYZ,-1468,15725,-8389
$PGXYZ,-28836,16082,15729
$PAXYZ,-18249,15826,8526
$PMXYZ,-32191,15714,14554
$PGXYZ,10486,16060,-20971
$PAXYZ,22259,15887,13843
$PMXYZ,-9249,15732,-3774
$PGXYZ,20972,16024,23593
$PAXYZ,-22002,15883,-16866
$PMXYZ,-12939,15716,9017
$PGXYZ,23593,15375,2621
$PAXYZ,9218,15897,22077
$PMXYZ,29654,15698,31037
$PGXYZ,18350,16033,26214
$GPRMC,113550.000,A,5038.5561,N,00123.8236,W,0.00,194.76,120120,,,D*71
$PAXYZ,24628,15868,-11547
$PMXYZ,-29947,15683,31961
$PGXYZ,-5243,16113,0
$PAXYZ,-11401,15870,-26300
$PMXYZ,-1468,15725,20489
$PGXYZ,10486,16060,-13107
$PAXYZ,-30235,15877,12642
$PMXYZ,-7004,15701,-18014
$PGXYZ,2622,15575,-7864
$PAXYZ,-23714,15872,-31620
$PMXYZ,-1069,15686,3083
$PGXYZ,26214,16134,7864
$PAXYZ,-8961,15873,29799
$PMXYZ,-18476,15692,31037
$PGXYZ,15729,16042,-26214
$GPRMC,113551.000,A,5038.5561,N,00123.8236,W,0.00,148.14,120120,,,D*75
$PAXYZ,5793,15875,-12749
$PMXYZ,4467,15711,20489
$PGXYZ,13107,15667,2622
$PAXYZ,24628,15868,28597
$PMXYZ,19629,15736,-18937
$PGXYZ,0,16168,-20971
$PAXYZ,-30235,15877,32714
$PMXYZ,-26655,15738,9017
$PGXYZ,20972,16024,26214
$PAXYZ,-4879,15865,-2113
$PMXYZ,23719,15713,23257
$PGXYZ,-23593,16136,-20971
$GPRMC,113552.000,A,5038.5561,N,00123.8236,W,0.00,20.50,120120,,,D*49
$PAXYZ,9218,15897,-2113
$PMXYZ,-9249,15732,-11156
$PGXYZ,-13107,16156,15729
$PAXYZ,-26811,15899,32714
$PMXYZ,378,15734,31961
$PGXYZ,15729,16042,-28836
$PAXYZ,-8305,15843,-7430
$PMXYZ,23719,15713,-27641
$PGXYZ,23593,16015,-15729
$PAXYZ,24300,15819,-7430
$PMXYZ,19629,15736,314
$PGXYZ,-5243,16129,-10486
$PAXYZ,-30235,15877,-27503
$PMXYZ,10402,15696,-15246
$PGXYZ,31457,16100,0
$GPRMC,113553.000,A,5038.5561,N,00123.8236,W,0.00,5.35,120120,,,D*7C
$PAXYZ,-22002,15883,-2113
$PMXYZ,6313,15719,19567
$PGXYZ,15729,16042,-5243
$PAXYZ,-8305,15843,-23386
$PMXYZ,17784,15728,31037
$PGXYZ,-5243,16113,-5243
$PAXYZ,7506,15886,802
$PMXYZ,-28500,15730,2160
$PGXYZ,31457,16100,15729
$PAXYZ,8163,15856,27397
$PMXYZ,378,15734,-7466
$PGXYZ,0,16096,20972
$GPRMC,113554.000,A,5038.5561,N,00123.8236,W,0.01,341.95,120120,,,D*73
$PAXYZ,1641,15861,-6227
$PMXYZ,-18874,15731,-16169
$PGXYZ,20972,15896,-5243
$PAXYZ,-8305,15843,-11547
$PMXYZ,-7591,15745,20489
$PGXYZ,-23593,16136,20972
$PAXYZ,28780,15882,-31620
$PMXYZ,23719,15713,-608
$PGXYZ,-20971,16055,2621
$PAXYZ,-23714,15872,7324
$PMXYZ,11849,15743,20489
$PGXYZ,-7864,-17030,-5243
$PAXYZ,1641,15861,-22183
$PMXYZ,-17218,15744,-26717
$PGXYZ,23593,16015,10486
$GPRMC,113555.000,A,5038.5561,N,00123.8236,W,0.01,343.94,120120,,,D*71
$PAXYZ,-28195,15809,8526
$PMXYZ,15939,15720,-10234
$PGXYZ,10486,16132,28836
$PAXYZ,-21346,15853,-7430
$PMXYZ,-25921,15747,25502
$PGXYZ,26214,16006,-15729
$PAXYZ,-27866,15858,3207
$PMXYZ,-12939,15716,17721
$PGXYZ,-18350,16046,10486
$PAXYZ,-27866,15858,-7430
$PMXYZ,-17029,15739,-9311
$PGXYZ,-7864,16122,26214
$GPRMC,113556.000,A,5038.5561,N,00123.8236,W,0.01,333.60,120120,,,D*7E
$PAXYZ,-20290,15894,-16866
$PMXYZ,-12939,15716,8095
$PGXYZ,28836,16109,31457
$PAXYZ,-12057,15772,27397
$PMXYZ,21874,15705,11786
$PGXYZ,-13107,16156,31457
$PAXYZ,14682,15851,23280
$PMXYZ,21874,15705,-18014
$PGXYZ,20972,16024,-18350
$PAXYZ,1641,15861,5612
$PMXYZ,19629,15736,-25795
$PGXYZ,2622,-17065,26214
$PAXYZ,-18249,15826,-2113
$PMXYZ,27409,15729,19567
$PGXYZ,0,16096,10486
$GPRMC,113557.000,A,5038.5561,N,00123.8236,W,0.01,342.85,120120,,,D*72
$PAXYZ,24628,15868,-16866
$PMXYZ,-26256,15699,-25795
$PGXYZ,26214,16006,-7864
$PAXYZ,-8305,15843,7324
$PMXYZ,-32191,15714,11786
$PGXYZ,13107,16179,-5243
$PAXYZ,-15482,15878,-20983
$PMXYZ,29256,15737,30115
$PGXYZ,-7864,15994,0
$PAXYZ,-31290,15836,7324
$PMXYZ,6313,15719,10864
$PGXYZ,23593,16015,-15729
$PAXYZ,14682,15851,8526
$PMXYZ,-1468,15725,-27641
$PGXYZ,31457,16172,23593
$GPRMC,113558.000,A,5038.5561,N,00123.8236,W,0.01,149.86,120120,,,D*77
$PAXYZ,14682,15851,-30417
$PMXYZ,-11094,15724,314
$PGXYZ,-28836,16082,-15729
$PAXYZ,-31290,15836,3207
$PMXYZ,-20720,15723,-17092
$PGXYZ,-2621,16176,-13107
$PAXYZ,-728,15879,11441
$PMXYZ,-30345,15722,31037
$PGXYZ,15729,16042,-5243
$PAXYZ,24628,15868,-30417
$PMXYZ,-11094,15724,-15246
$PGXYZ,-10486,16019,2621
$GPRMC,113559.000,A,5038.5561,N,00123.8236,W,0.01,148.97,120120,,,D*77
$PAXYZ,-11401,15870,8526
$PMXYZ,21874,15705,-4697
$PGXYZ,-26214,16073,-20971
$PAXYZ,28780,15882,-3313
$PMXYZ,-1468,15725,22334
$PGXYZ,5243,16150,-18350
$PAXYZ,-22002,15883,-2113
$PMXYZ,-32191,15714,-25795
$PGXYZ,0,16096,-26214
$PAXYZ,-7248,15884,-4515
$PMXYZ,-11094,15724,-8389
$PGXYZ,7864,16069,-15729
$PAXYZ,-21346,15853,-31620
$PMXYZ,14093,15712,-27641
$PGXYZ,26214,16134,-7864
$GPRMC,113600.000,A,5038.5561,N,00123.8236,W,0.01,144.10,120120,,,D*7B
$PAXYZ,-13769,15889,4409
$PMXYZ,27409,15729,-7466
$PGXYZ,-31457,16091,-23593
$PAXYZ,-27866,15858,28597
$PMXYZ,-22565,15715,-19860
$PGXYZ,-28836,16154,10486
$PAXYZ,-7248,15884,17960
$PMXYZ,14093,15712,-16169
$PGXYZ,26214,16134,-23593
$PAXYZ,-8961,15873,17960
$PMXYZ,29989,15746,-23027
$PGXYZ,10486,16132,-20971
$GPRMC,113601.000,A,5038.5561,N,00123.8236,W,0.01,171.32,120120,,,D*7C
$PAXYZ,8163,15856,-3313
$PMXYZ,14093,15712,20489
$PGXYZ,20972,16152,-26214
$PAXYZ,-21346,15853,-6227
$PMXYZ,8158,15727,3083
$PGXYZ,20972,16024,-13107
$PAXYZ,-21346,15853,-16866
$PMXYZ,-26655,15738,-27641
$PGXYZ,10486,16060,18350
$GPRMC,113602.000,A,5038.5561,N,00123.8236,W,0.00,126.38,120120,,,D*76
$PAXYZ,5793,15875,-18069
$PMXYZ,20027,15697,-18937
$PGXYZ,13107,15923,-31457
$PAXYZ,21204,15846,24482
$PMXYZ,-5159,15709,-24872
$PGXYZ,-7864,16138,2622
$PAXYZ,-30235,15877,-22183
$PMXYZ,-14785,15708,28270
$PGXYZ,15729,16170,10486
$PAXYZ,24300,15819,-12749
$PMXYZ,-1468,15725,29192
$PGXYZ,23593,15759,-5243
$PAXYZ,20547,15876,-20983
$PMXYZ,8158,15727,15875
$PGXYZ,2622,16087,31457
$GPRMC,113603.000,A,5038.5561,N,00123.8236,W,0.00,3.92,120120,,,D*71
$PAXYZ,-27866,15858,7324
$PMXYZ,21286,15749,18644
$PGXYZ,-28836,16082,18350
$PAXYZ,31149,15863,-22183
$PMXYZ,-7402,15740,-23027
$PGXYZ,23593,16127,-2621
$PAXYZ,24628,15868,7324
$PMXYZ,-26655,15738,15477
$PGXYZ,28836,16109,2621
$PAXYZ,5793,15875,20365
$PMXYZ,-26655,15738,18644
$PGXYZ,-7864,15994,18350
$PAXYZ,-11401,15870,2004
$PMXYZ,-31793,15675,314
$PGXYZ,13107,16051,-5243
$GPRMC,113604.000,A,5038.5561,N,00123.8236,W,0.00,0.00,120120,,,D*7E
$PAXYZ,31149,15863,27397
$PMXYZ,29256,15737,-18014
$PGXYZ,2622,15959,26214
$PAXYZ,4738,15834,-18069
$PMXYZ,27409,15729,10864
$PGXYZ,20972,16152,7864
$PAXYZ,1312,15812,-11547
$PMXYZ,18182,15689,18644
$PGXYZ,2622,16087,-2621
$PAXYZ,-4879,15865,-10344
$PMXYZ,-30345,15722,21412
$PGXYZ,-5243,16113,-13107
$GPRMC,113605.000,A,5038.5561,N,00123.8236,W,0.00,0.00,120120,,,D*7F
$PAXYZ,-11401,15870,-27503
$PMXYZ,-7402,15740,8095
$PGXYZ,-2621,15848,0
$PAXYZ,-15153,15799,-28705
$PMXYZ,-28500,15730,16799
$PGXYZ,13107,16051,-10486
$PAXYZ,27724,15841,-15664
$PMXYZ,19629,15736,-23027
$PGXYZ,18350,15905,20972
$PAXYZ,1312,15812,-2113
$PMXYZ,10003,15735,-28563
$PGXYZ,23593,16015,-31457
$PAXYZ,21204,15846,23280
$PMXYZ,-30345,15722,8095
$PGXYZ,-13107,16028,-23593
$GPRMC,113606.000,A,5038.5561,N,00123.8236,W,0.00,45.02,120120,,,D*4F
$PAXYZ,1641,15861,-30417
$PMXYZ,-26256,15699,2160
$PGXYZ,-10486,16147,-2621
$PAXYZ,20547,15876,22077
$PMXYZ,-7004,15701,11786
$PGXYZ,2622,15959,10486
$PAXYZ,17779,15824,-2113
$PMXYZ,27409,15729,20489
$PGXYZ,-18350,16046,-13107
$PAXYZ,8163,15856,28597
$PMXYZ,-18476,15692,19567
$PGXYZ,-7864,16010,-26214
$GPRMC,113607.000,A,5038.5561,N,00123.8236,W,0.00,59.64,120120,,,D*43
$PAXYZ,27724,15841,-19781
$PMXYZ,23719,15713,-7466
$PGXYZ,26214,16134,0
$PAXYZ,-11401,15870,-6227
$PMXYZ,378,15734,9941
$PGXYZ,2621,16159,-2621
$PAXYZ,17779,15824,3207
$PMXYZ,4467,15711,23257
$PGXYZ,18350,16033,7864
$PAXYZ,-21346,15853,28597
$PMXYZ,-3314,15717,4006
$PGXYZ,-5243,16001,13107
$PAXYZ,24628,15868,-16866
$PMXYZ,-17218,15744,2160
$PGXYZ,-7864,16122,10486
$GPRMC,113608.000,A,5038.5561,N,00123.8236,W,0.00,69.86,120120,,,D*43
$PAXYZ,-27866,15858,-23386
$PMXYZ,31499,15706,21412
$PGXYZ,31457,16172,18350
$PAXYZ,-14825,15848,-29908
$PMXYZ,19629,15736,-15246
$PGXYZ,20972,16152,-10486
$PAXYZ,-4879,15865,-22183
$PMXYZ,776,15695,20489
$PGXYZ,28836,16109,5243
$PAXYZ,11258,15829,17960
$PMXYZ,31499,15706,-16169
$PGXYZ,-18350,16046,-23593
$GPRMC,113609.000,A,5038.5561,N,00123.8236,W,0.00,21.64,120120,,,D*42
$PAXYZ,-11401,15870,-27503
$PMXYZ,20363,15745,2160
$PGXYZ,-31457,16091,2622
$PAXYZ,14027,15881,12642
$PMXYZ,-8850,15693,-15246
$PGXYZ,-5243,16129,-13107
$PAXYZ,-31290,15836,3207
$PMXYZ,11849,15743,-18937
$PGXYZ,23593,16015,-5243
$PAXYZ,31149,15863,-2113
$PMXYZ,-32191,15714,-24872
$PGXYZ,15729,16042,28836
$PAXYZ,4409,15785,17960
$PMXYZ,4467,15711,29192
$PGXYZ,-10486,16019,0
$GPRMC,113610.000,A,5038.5561,N,00123.8236,W,0.00,108.14,120120,,,D*77
$PAXYZ,24628,15868,7324
$PMXYZ,29256,15737,4929
$PGXYZ,31457,16172,-10486
$PAXYZ,-21674,15804,23280
$PMXYZ,-22565,15715,-24872
$PGXYZ,13107,16051,23593
$PAXYZ,14027,15881,7324
$PMXYZ,14093,15712,9941
$PGXYZ,-7864,16010,-15729
$PAXYZ,2696,15902,4409
$PMXYZ,-11094,15724,-31730
$PGXYZ,-2621,15976,-5243
$GPRMC,113611.000,A,5038.5561,N,00123.8236,W,0.00,0.00,120120,,,D*7A
$PAXYZ,5793,15875,10238
$PMXYZ,4467,15711,-8389
$PGXYZ,0,16096,10486
$PAXYZ,-11401,15870,-16866
$PMXYZ,-17029,15739,314
$PGXYZ,28836,16181,28836
$PAXYZ,-22002,15883,-27503
$PMXYZ,29989,15746,9941
$PGXYZ,-18350,16046,-20971
$PAXYZ,11258,15829,-16866
$PMXYZ,-30345,15722,-6543
$PGXYZ,-7864,16138,-7864
$PAXYZ,-11401,15870,32714
$PMXYZ,31499,15706,-16169
$PGXYZ,-26214,16145,5243
$GPRMC,113612.000,A,5038.5561,N,00123.8236,W,0.00,94.51,120120,,,D*40
$PAXYZ,985,15891,-22183
$PMXYZ,8158,15727,-25795
$PGXYZ,7864,15941,15729
$PAXYZ,-27866,15858,-11547
$PMXYZ,14093,15712,-16169
$PGXYZ,15729,16042,-13107
$PAXYZ,21204,15846,-12749
$PMXYZ,-7004,15701,-18014
$PGXYZ,15729,16042,-18350
$PAXYZ,-11401,15870,8526
$PMXYZ,25564,15721,-23949
$PGXYZ,26214,16006,-7864
$GPRMC,113613.000,A,5038.5561,N,00123.8236,W,0.00,40.86,120120,,,D*42
$PAXYZ,-8305,15843,32714
$PMXYZ,-20720,15723,314
$PGXYZ,-5243,16001,31457
$PAXYZ,-11401,15870,24482
$PMXYZ,-1468,15725,-7466
$PGXYZ,-28836,16154,23593
$PAXYZ,1641,15861,-12749
$PMXYZ,-7004,15701,-7466
$PGXYZ,10486,16132,-23593
$PAXYZ,-7248,15884,15046
$PMXYZ,-9249,15732,16799
$PGXYZ,13107,16051,-23593
$PAXYZ,-1783,15838,-28705
$PMXYZ,29256,15737,30115
$PGXYZ,26214,16134,-2621
$GPRMC,113614.000,A,5038.5561,N,00123.8236,W,0.00,24.87,120120,,,D*46
$PAXYZ,-11729,15821,-28705
$PMXYZ,12247,15704,-22104
$PGXYZ,-7864,16138,-2621
$PAXYZ,1641,15861,27397
$PMXYZ,-14785,15708,23257
$PGXYZ,20972,16152,2621
$PAXYZ,-14825,15848,-26300
$PMXYZ,-7591,15745,-12478
$PGXYZ,26214,16134,26214
$PAXYZ,21204,15846,-910
$PMXYZ,-11094,15724,-26717
$PGXYZ,-5243,16129,7864
$GPRMC,113615.000,A,5038.5561,N,00123.8236,W,0.00,51.76,120120,,,D*4B
$PAXYZ,20547,15876,-15664
$PMXYZ,17784,15728,-23949
$PGXYZ,0,15968,13107
$PAXYZ,-4879,15865,-2113
$PMXYZ,20363,15745,6774
$PGXYZ,-7864,16122,31457
$PAXYZ,17779,15824,13843
$PMXYZ,-9249,15732,2160
$PGXYZ,-26214,16201,31457
$PAXYZ,-21346,15853,-8632
$PMXYZ,-11094,15724,-24872
$PGXYZ,-5243,16001,-20971
$PAXYZ,-30235,15877,-11547
$PMXYZ,14093,15712,28270
$PGXYZ,26214,16118,-28836
$GPRMC,113616.000,A,5038.5561,N,00123.8236,W,0.00,74.57,120120,,,D*4C
$PAXYZ,24628,15868,-2113
$PMXYZ,-12939,15716,-9311
$PGXYZ,-7864,16138,5243
$PAXYZ,27724,15841,-6227
$PMXYZ,-9249,15732,-25795
$PGXYZ,2622,16087,-2621
$PAXYZ,4738,15834,-20983
$PMXYZ,6313,15719,21412
$PGXYZ,18350,16033,-2621
$PAXYZ,-8305,15843,-31620
$PMXYZ,-14785,15708,9941
$PGXYZ,20972,16152,-26214
$GPRMC,113617.000,A,5038.5561,N,00123.8236,W,0.00,44.76,120120,,,D*4D
$PAXYZ,-22002,15883,-11547
$PMXYZ,15939,15720,-8389
$PGXYZ,7864,15941,10486
$PAXYZ,8163,15856,23280
$PMXYZ,20363,15745,31037
$PGXYZ,5243,16078,7864
$PAXYZ,-8305,15843,16758
$PMXYZ,8158,15727,20489
$PGXYZ,28836,16109,18350
$PAXYZ,-28523,15888,32714
$PMXYZ,-26655,15738,-4697
$PGXYZ,23593,16143,13107
$PAXYZ,14682,15851,19163
$PMXYZ,2621,15703,-11681
$PGXYZ,23593,16015,-31457
$GPRMC,113618.000,A,5038.5561,N,00123.8236,W,0.00,46.09,120120,,,D*48
$PAXYZ,14682,15851,19163
$PMXYZ,19629,15736,-23949
$PGXYZ,-15729,16165,-13107
$PAXYZ,-21346,15853,-3313
$PMXYZ,2223,15742,12709
$PGXYZ,15729,16042,-15729
$PAXYZ,-15482,15878,2004
$PMXYZ,-15372,15752,-18014
$PGXYZ,20972,15896,-26214
$PAXYZ,1312,15812,-16866
$PMXYZ,11849,15743,-7466
$PGXYZ,-26214,16073,13107
$GPRMC,113619.000,A,5038.5561,N,00123.8236,W,0.00,60.57,120120,,,D*46
$PAXYZ,-21346,15853,-22183
$PMXYZ,2223,15742,24181
$PGXYZ,-20971,16055,5243
$PAXYZ,-15482,15878,19163
$PMXYZ,6313,15719,10864
$PGXYZ,-26214,16073,5243
$PAXYZ,24300,15819,3207
$PMXYZ,-16295,15748,23257
$PGXYZ,2622,16087,15729
$PAXYZ,-15482,15878,-6227
$PMXYZ,-30345,15722,8095
$PGXYZ,-15729,16037,0
$PAXYZ,-21346,15853,-7430
$PMXYZ,-7004,15701,22334
$PGXYZ,10486,16060,-2621
$GPRMC,113620.000,A,5038.5561,N,00123.8236,W,0.00,334.20,120120,,,D*7E
$PAXYZ,8163,15856,8526
$PMXYZ,25564,15721,-17092
$PGXYZ,-2621,16104,-20971
$PAXYZ,5793,15875,-2113
$PMXYZ,-17029,15739,-18014
$PGXYZ,2621,16159,-15729
$PAXYZ,27724,15841,-2113
$PMXYZ,19629,15736,23257
$PGXYZ,10486,16132,-13107
$PAXYZ,1641,15861,-6227
$PMXYZ,-14785,15708,23257
$PGXYZ,-13107,16028,2621
$GPRMC,113621.000,A,5038.5561,N,00123.8236,W,0.00,23.21,120120,,,D*4B
$PAXYZ,-5208,15816,-5027
$PMXYZ,27409,15729,31961
$PGXYZ,23593,16143,-23593
$PAXYZ,-1783,15838,-16866
$PMXYZ,-26655,15738,10864
$PGXYZ,26214,16134,-13107
$PAXYZ,-1783,15838,32714
$PMXYZ,-28500,15730,28270
$PGXYZ,-5243,16129,-31457
$PAXYZ,20547,15876,-3313
$PMXYZ,12247,15704,-5621
$PGXYZ,-18350,16174,20972
$PAXYZ,-8305,15843,23280
$PMXYZ,25564,15721,9941
$PGXYZ,-23593,16064,-18350
$GPRMC,113622.000,A,5038.5561,N,00123.8236,W,0.00,43.88,120120,,,D*4D
$PAXYZ,-21346,15853,-910
$PMXYZ,19629,15736,11786
$PGXYZ,28836,16109,28836
$PAXYZ,-8305,15843,15557
$PMXYZ,2223,15742,-15246
$PGXYZ,23593,16015,-26214
$PAXYZ,5793,15875,29799
$PMXYZ,-26256,15699,2160
$PGXYZ,-31457,16091,-18350
$PAXYZ,-8961,15873,15046
$PMXYZ,6313,15719,28270
$PGXYZ,26214,16118,2622
$GPRMC,113623.000,A,5038.5561,N,00123.8236,W,0.00,75.66,120120,,,D*49
$PAXYZ,-23714,15872,-27503
$PMXYZ,27409,15729,14554
$PGXYZ,-31457,16091,23593
$PAXYZ,31149,15863,-3825
$PMXYZ,-16631,15700,9941
$PGXYZ,5243,16078,2621
$PAXYZ,-27866,15858,32714
$PMXYZ,-3314,15717,-10632
$PGXYZ,2622,15959,13107
$PAXYZ,-7248,15884,-6227
$PMXYZ,-20720,15723,18644
$PGXYZ,31457,16100,-7864
$PAXYZ,24300,15819,-16866
$PMXYZ,10402,15696,-25795
$PGXYZ,-7864,16122,-2621
$GPRMC,113624.000,A,5038.5561,N,00123.8236,W,0.00,71.84,120120,,,D*46
$PAXYZ,-15153,15799,-19781
$PMXYZ,-11094,15724,4929
$PGXYZ,15729,15914,13107
$PAXYZ,-27866,15858,-2113
$PMXYZ,8158,15727,9017
$PGXYZ,-13107,16156,2622
$PAXYZ,-11401,15870,-31620
$PMXYZ,-3314,15717,10864
$PGXYZ,28836,16109,-13107
$PAXYZ,-1783,15838,-6227
$PMXYZ,6313,15719,-23949
$PGXYZ,10486,16060,-26214
$GPRMC,113625.000,A,5038.5561,N,00123.8236,W,0.00,50.73,120120,,,D*4C
$PAXYZ,-8305,15843,15557
$PMXYZ,-10696,15685,-18014
$PGXYZ,-31457,16091,7864
$PAXYZ,14682,15851,-16866
$PMXYZ,14093,15712,9017
$PGXYZ,-31457,16091,15729
$PAXYZ,20547,15876,-27503
$PMXYZ,8158,15727,-26717
$PGXYZ,20972,16024,-10486
$PAXYZ,-1783,15838,-12749
$PMXYZ,-10696,15685,-8389
$PGXYZ,26214,16118,-10486
$PAXYZ,17451,15903,-27503
$PMXYZ,23719,15713,10864
$PGXYZ,26214,15878,28836
$GPRMC,113626.000,A,5038.5561,N,00123.8236,W,0.00,0.00,120120,,,D*7E
$PAXYZ,-7248,15884,-7430
$PMXYZ,25962,15682,18644
$PGXYZ,0,16168,28836
$PAXYZ,23971,15770,12642
$PMXYZ,25962,15682,30115
$PGXYZ,26214,16006,-20971
$PAXYZ,-728,15879,23280
$PMXYZ,2034,15747,-18014
$PGXYZ,28836,16109,-18350
$PAXYZ,-23714,15872,-7430
$PMXYZ,-9249,15732,20489
$PGXYZ,20972,16024,-5243
$GPRMC,113627.000,A,5038.5561,N,00123.8236,W,0.00,86.71,120120,,,D*47
$PAXYZ,1641,15861,-18069
$PMXYZ,12247,15704,24181
$PGXYZ,-23593,16064,-13107
$PAXYZ,-11401,15870,-7430
$PMXYZ,-32191,15714,25103
$PGXYZ,7864,16141,-2621
$PAXYZ,-24771,15831,-11547
$PMXYZ,-28500,15730,-14324
$PGXYZ,10486,15932,-15729
$PAXYZ,4738,15834,-16866
$PMXYZ,-16631,15700,-24872
$PGXYZ,-2621,15848,-7864
$PAXYZ,8163,15856,2004
$PMXYZ,23719,15713,28270
$PGXYZ,26214,16118,10486
$GPRMC,113628.000,A,5038.5561,N,00123.8236,W,0.00,79.33,120120,,,D*4E
$PAXYZ,-8305,15843,-2113
$PMXYZ,8158,15727,14554
$PGXYZ,-31457,16091,-23593
$PAXYZ,-21346,15853,32714
$PMXYZ,-16295,15748,-7466
$PGXYZ,-28836,16082,18350
$PAXYZ,31149,15863,-22183
$PMXYZ,12247,15704,-19860
$PGXYZ,10486,16060,-20971
$PAXYZ,-11729,15821,-18069
$PMXYZ,8158,15727,28270
$PGXYZ,-2621,16104,13107
$PAXYZ,17451,15903,-27503
$PMXYZ,-9249,15732,-9311
$PGXYZ,2622,16087,-23593
$PAXYZ,-4879,15865,-26300
$PMXYZ,-8850,15693,11786
$PGXYZ,5243,16150,23593
$GPRMC,113629.000,A,5038.5561,N,00123.8236,W,0.00,105.45,120120,,,D*74
$PAXYZ,5793,15875,-15664
$PMXYZ,-1468,15725,9017
$PGXYZ,-26214,16145,2622
$PAXYZ,7506,15886,-11547
$PMXYZ,29654,15698,-608
$PGXYZ,20972,15896,-18350
$PAXYZ,21204,15846,12642
$PMXYZ,-30345,15722,-18937
$PGXYZ,26214,16134,2621
$PAXYZ,-4879,15865,-6227
$PMXYZ,23719,15713,8095
$PGXYZ,-15729,16037,-2621
$GPRMC,113630.000,A,5038.5561,N,00123.8236,W,0.00,99.89,120120,,,D*48
$PAXYZ,-23714,15872,6121
$PMXYZ,-7402,15740,31037
$PGXYZ,13107,16179,18350
$PAXYZ,-11401,15870,19163
$PMXYZ,-7402,15740,314
$PGXYZ,23593,16143,-10486
$PAXYZ,1641,15861,19163
$PMXYZ,17784,15728,314
$PGXYZ,-5243,16129,31457
$PAXYZ,-27866,15858,7324
$PMXYZ,-17029,15739,-20783
$PGXYZ,-2621,16104,26214
$PAXYZ,-18249,15826,-910
$PMXYZ,-18874,15731,-29486
$PGXYZ,0,16096,20972
$GPRMC,113631.000,A,5038.5561,N,00123.8236,W,0.00,156.21,120120,,,D*79
$PAXYZ,-8632,15794,-26300
$PMXYZ,2957,15751,-25795
$PGXYZ,-2621,16104,-15729
$PAXYZ,-21346,15853,6121
$PMXYZ,25564,15721,-21706
$PGXYZ,-2621,16104,-28836
$PAXYZ,1641,15861,-11547
$PMXYZ,776,15695,-10234
$PGXYZ,-5243,15985,7864
$PAXYZ,17779,15824,-6227
$PMXYZ,-3314,15717,-9311
$PGXYZ,2621,16159,-13107
$PAXYZ,20547,15876,13843
$PMXYZ,-32191,15714,29192
$PGXYZ,-20971,16183,26214
$GPRMC,113632.000,A,5038.5561,N,00123.8236,W,0.00,174.56,120120,,,D*7A
$PAXYZ,7506,15886,27397
$PMXYZ,21874,15705,19567
$PGXYZ,0,16096,10486
$PAXYZ,-27866,15858,12642
$PMXYZ,-11094,15724,-14324
$PGXYZ,-26214,16145,23593
$PAXYZ,23971,15898,28597
$PMXYZ,-22167,15676,19567
$PGXYZ,26214,16118,-13107
$PAXYZ,14027,15881,-16866
$PMXYZ,-30345,15722,-17092
$PGXYZ,0,16096,26214
$GPRMC,113633.000,A,5038.5561,N,00123.8236,W,0.00,162.14,120120,,,D*7A
$PAXYZ,22259,15887,-23386
$PMXYZ,-11094,15724,-10234
$PGXYZ,13107,15923,26214
$PAXYZ,21204,15846,-16866
$PMXYZ,-5159,15709,4006
$PGXYZ,-5243,15985,7864
$PAXYZ,14682,15851,9729
$PMXYZ,20027,15697,-7466
$PGXYZ,-20971,16055,2622
$PAXYZ,-18249,15826,11441
$PMXYZ,25564,15721,-23949
$PGXYZ,-23593,16064,-2621
$GPRMC,113634.000,A,5038.5561,N,00123.8236,W,0.00,80.78,120120,,,D*4A
$PAXYZ,7506,15886,-15153
$PMXYZ,6313,15719,29192
$PGXYZ,-28836,16082,13107
$PAXYZ,-24771,15831,-16866
$PMXYZ,-5159,15709,21412
$PGXYZ,7864,16069,2621
$PAXYZ,-8961,15873,23280
$PMXYZ,-14785,15708,-608
$PGXYZ,-28836,16082,-20971
$PAXYZ,-31290,15836,23280
$PMXYZ,-2915,15678,3083
$PGXYZ,-18350,16046,-10486
$PAXYZ,-21346,15853,-2113
$PMXYZ,-16631,15700,-22230
$PGXYZ,5243,16078,28836
$GPRMC,113635.000,A,5038.5561,N,00123.8236,W,0.00,167.86,120120,,,D*72
$PAXYZ,-4879,15865,17960
$PMXYZ,-30345,15722,-23949
$PGXYZ,23593,16143,7864
$PAXYZ,-14825,15848,-18069
$PMXYZ,-7004,15701,-11156
$PGXYZ,0,15968,10486
$PAXYZ,-11401,15870,-7430
$PMXYZ,-14785,15708,18644
$PGXYZ,26214,16118,-31457
$PAXYZ,17451,15903,-12749
$PMXYZ,-32191,15714,-6543
$PGXYZ,0,16168,18350
$GPRMC,113636.000,A,5038.5561,N,00123.8236,W,0.00,131.11,120120,,,D*7C
$PAXYZ,8163,15856,19163
$PMXYZ,-14785,15708,30115
$PGXYZ,-5243,16129,10486
$PAXYZ,-30235,15877,4409
$PMXYZ,10402,15696,2160
$PGXYZ,13107,16051,-13107
$PAXYZ,27397,15792,23280
$PMXYZ,-16631,15700,31961
$PGXYZ,-7864,15994,26214
$PAXYZ,-15482,15878,12642
$PMXYZ,15939,15720,-6543
$PGXYZ,-13107,16028,-20971
$PAXYZ,-22002,15883,12642
$PMXYZ,12247,15704,20489
$PGXYZ,-23593,16136,2621
$GPRMC,113637.000,A,5038.5561,N,00123.8236,W,0.00,170.67,120120,,,D*79
$PAXYZ,14027,15881,23280
$PMXYZ,31499,15706,29192
$PGXYZ,-20971,16055,-15729
$PAXYZ,1641,15861,-29908
$PMXYZ,-24411,15707,-26717
$PGXYZ,31457,16100,23593
$PAXYZ,-24771,15831,23280
$PMXYZ,-17029,15739,10864
$PGXYZ,-13107,16156,20972
$PAXYZ,14682,15851,28597
$PMXYZ,25962,15682,-10234
$PGXYZ,20972,16024,20972
$GPRMC,113638.000,A,5038.5561,N,00123.8236,W,0.00,0.00,120120,,,D*71
$PAXYZ,7506,15886,22077
$PMXYZ,-22565,15715,-30409
$PGXYZ,20972,16152,20972
$PAXYZ,-28523,15888,-11547
$PMXYZ,-30345,15722,27347
$PGXYZ,15729,16170,7864
$PAXYZ,-14825,15848,-7430
$PMXYZ,-32191,15714,-8389
$PGXYZ,2622,16087,10486
$PAXYZ,28780,15882,12642
$PMXYZ,14093,15712,15875
$PGXYZ,15729,16170,31457
$PAXYZ,14682,15851,31513
$PMXYZ,15939,15720,30115
$PGXYZ,18350,16161,2622
$GPRMC,113639.000,A,5038.5561,N,00123.8236,W,0.00,124.71,120120,,,D*71
$PAXYZ,21204,15846,-11547
$PMXYZ,-24411,15707,21412
$PGXYZ,-7864,16194,10486
$PAXYZ,-31290,15836,-15664
$PMXYZ,6313,15719,-23027
$PGXYZ,26214,16134,-5243
$PAXYZ,22259,15887,-16866
$PMXYZ,-12939,15716,1237
$PGXYZ,-31457,16163,23593
$PAXYZ,11258,15829,8526
$PMXYZ,-14785,15708,13631
$PGXYZ,-10486,16147,-10486
$GPRMC,113640.000,A,5038.5561,N,00123.8236,W,0.00,187.11,120120,,,D*70
$PAXYZ,-31290,15836,-12749
$PMXYZ,-16631,15700,30115
$PGXYZ,5243,16150,-18350
$PAXYZ,-15482,15878,-6227
$PMXYZ,-17029,15739,31037
$PGXYZ,2622,16087,-18350
$PAXYZ,11258,15829,-6227
$PMXYZ,21874,15705,31037
$PGXYZ,28836,16181,-23593
$PAXYZ,-11729,15821,28597
$PMXYZ,15939,15720,11786
$PGXYZ,-5243,16113,26214
$PAXYZ,-11401,15870,12642
$PMXYZ,-17218,15744,-25795
$PGXYZ,28836,16109,-13107
$GPRMC,113641.000,A,5038.5561,N,00123.8236,W,0.00,0.00,120120,,,D*7F
$PAXYZ,20547,15876,32714
$PMXYZ,17784,15728,-10234
$PGXYZ,26214,16118,15729
$PAXYZ,17779,15824,-910
$PMXYZ,-25921,15747,3083
$PGXYZ,15729,16042,23593
$PAXYZ,7506,15886,15046
$PMXYZ,-1468,15725,1237
$PGXYZ,2621,16159,-15729
$PAXYZ,-11401,15870,-18069
$PMXYZ,-22565,15715,-18937
$PGXYZ,7864,16141,20972
$GPRMC,113642.000,A,5038.5561,N,00123.8236,W,0.00,0.00,120120,,,D*7C
$PAXYZ,-30235,15877,-31620
$PMXYZ,-28500,15730,16799
$PGXYZ,-2621,16176,18350
$PAXYZ,-4879,15865,-3313
$PMXYZ,-12939,15716,22334
$PGXYZ,26214,16190,10486
$PAXYZ,-18249,15826,-7430
$PMXYZ,-11094,15724,-8389
$PGXYZ,2622,16087,10486
$PAXYZ,14682,15851,-16866
$PMXYZ,-22565,15715,28270
$PGXYZ,-23593,16136,-31457
$PAXYZ,14682,15851,-6227
$PMXYZ,-26256,15699,-25795
$PGXYZ,10486,15932,28836
$GPRMC,113643.000,A,5038.5561,N,00123.8236,W,0.00,0.00,120120,,,D*7D
$PAXYZ,-8961,15873,7324
$PMXYZ,-26655,15738,11786
$PGXYZ,23593,16143,-23593
$PAXYZ,-7248,15884,26194
$PMXYZ,378,15734,20489
$PGXYZ,5243,16078,26214
$PAXYZ,21204,15846,-16866
$PMXYZ,15939,15720,-608
$PGXYZ,-18350,16046,13107
$PAXYZ,27724,15841,-7430
$PMXYZ,10003,15735,30115
$PGXYZ,5243,16150,15729
$GPRMC,113644.000,A,5038.5561,N,00123.8236,W,0.01,275.75,120120,,,D*79
$PAXYZ,23971,15898,3207
$PMXYZ,-24411,15707,31037
$PGXYZ,10486,15932,-20971
$PAXYZ,-8961,15873,16758
$PMXYZ,-18874,15731,19567
$PGXYZ,-31457,16091,-2621
$PAXYZ,4738,15834,3207
$PMXYZ,-7591,15745,29192
$PGXYZ,-5243,16129,-2621
$PAXYZ,11258,15829,31513
$PMXYZ,4467,15711,-8389
$PGXYZ,18350,16033,26214
$PAXYZ,-728,15879,32714
$PMXYZ,23719,15713,-19860
$PGXYZ,-31457,16091,13107
$GPRMC,113645.000,A,5038.5561,N,00123.8236,W,0.01,279.96,120120,,,D*79
$PAXYZ,-15482,15878,-4515
$PMXYZ,31499,15706,-16169
$PGXYZ,31457,16172,-5243
$PAXYZ,-15482,15878,32714
$PMXYZ,29654,15698,28270
$PGXYZ,31457,16100,-15729
$PAXYZ,-2113,15789,23280
$PMXYZ,-11094,15724,21412
$PGXYZ,10486,16060,-10486
$PAXYZ,-13769,15889,-7430
$PMXYZ,-1468,15725,-27641
$PGXYZ,-28836,16154,-5243
$GPRMC,113646.000,A,5038.5561,N,00123.8236,W,0.02,323.68,120120,,,D*76
$PAXYZ,14682,15851,28597
$PMXYZ,29256,15737,-7466
$PGXYZ,18350,16033,-26214
$PAXYZ,24628,15868,-22183
$PMXYZ,8158,15727,-15246
$PGXYZ,13107,16179,-7864
$PAXYZ,-11729,15821,28597
$PMXYZ,25564,15721,20489
$PGXYZ,0,16096,-23593
$PAXYZ,31149,15863,8526
$PMXYZ,8158,15727,-14324
$PGXYZ,-23593,16136,-7864
$PAXYZ,7506,15886,8526
$PMXYZ,20363,15745,30115
$PGXYZ,-15729,16037,18350
$GPRMC,113647.000,A,5038.5561,N,00123.8236,W,0.02,324.39,120120,,,D*74
$PAXYZ,4738,15834,17960
$PMXYZ,-9249,15732,13631
$PGXYZ,-7864,16138,28836
$PAXYZ,4738,15834,28597
$PMXYZ,-12939,15716,12709
$PGXYZ,20972,16152,-10486
$PAXYZ,28780,15882,3207
$PMXYZ,-5159,15709,-27641
$PGXYZ,5243,16150,23593
$PAXYZ,-1783,15838,-910
$PMXYZ,29256,15737,21412
$PGXYZ,-28836,16082,-5243
$GPRMC,113648.000,A,5038.5561,N,00123.8236,W,0.00,301.69,120120,,,D*7B
$PAXYZ,-728,15879,-23386
$PMXYZ,378,15734,30115
$PGXYZ,26214,16134,2621
$PAXYZ,2696,15902,8526
$PMXYZ,23719,15713,30115
$PGXYZ,-20971,16055,-31457
$PAXYZ,24300,15819,-11547
$PMXYZ,27409,15729,-16169
$PGXYZ,-2621,16176,-15729
$PAXYZ,-5208,15816,20875
$PMXYZ,27409,15729,-11555
$PGXYZ,-10486,16019,-28836
$PAXYZ,5793,15875,-2113
$PMXYZ,10003,15735,4006
$PGXYZ,-23593,16136,23593
$GPRMC,113649.000,A,5038.5561,N,00123.8236,W,0.01,324.12,120120,,,D*70
$PAXYZ,14027,15881,-31620
$PMXYZ,2621,15703,14554
$PGXYZ,-26214,16073,10486
$PAXYZ,14027,15881,19163
$PMXYZ,378,15734,10864
$PGXYZ,7864,16141,23593
$PAXYZ,14682,15851,-12749
$PMXYZ,23719,15713,-5621
$PGXYZ,-31457,16163,-13107
$PAXYZ,8163,15856,32714
$PMXYZ,10003,15735,-22104
$PGXYZ,-2621,16104,15729
$GPRMC,113650.000,A,5038.5561,N,00123.8236,W,0.01,171.24,120120,,,D*7F
$PAXYZ,7506,15886,-18069
$PMXYZ,-5159,15709,15477
$PGXYZ,13107,16051,2621
$PAXYZ,-23714,15872,9729
$PMXYZ,-24411,15707,-6543
$PGXYZ,28836,16109,-31457
$PAXYZ,4738,15834,32714
$PMXYZ,-16631,15700,314
$PGXYZ,-15729,16037,31457
$PAXYZ,-4879,15865,23280
$PMXYZ,21874,15705,-6543
$PGXYZ,-20971,16055,7864
$PAXYZ,-8305,15843,-12749
$PMXYZ,-16295,15748,30115
$PGXYZ,31457,16172,-10486
$GPRMC,113651.000,A,5038.5561,N,00123.8236,W,0.01,154.24,120120,,,D*79
$PAXYZ,7833,15807,12642
$PMXYZ,-26655,15738,23257
$PGXYZ,-5243,16113,-26214
$PAXYZ,-8305,15843,-23386
$PMXYZ,20027,15697,-23027
$PGXYZ,13107,16051,28836
$PAXYZ,-22002,15883,7324
$PMXYZ,6711,15680,-8389
$PGXYZ,-20971,16183,2621
$PAXYZ,14355,15802,13843
$PMXYZ,-18874,15731,-23949
$PGXYZ,15729,16042,0
$GPRMC,113652.000,A,5038.5561,N,00123.8236,W,0.01,356.96,120120,,,D*73
$PAXYZ,-24771,15831,-29908
$PMXYZ,10402,15696,23257
$PGXYZ,-7864,16138,-26214
$PAXYZ,-14825,15848,-8632
$PMXYZ,17784,15728,-15246
$PGXYZ,20972,16152,-2621
$PAXYZ,31149,15863,8526
$PMXYZ,-14785,15708,-6543
$PGXYZ,18350,15777,-15729
$PAXYZ,11258,15829,29799
$PMXYZ,6313,15719,-4697
$PGXYZ,-13107,16028,31457
$PAXYZ,11258,15829,28597
$PMXYZ,-24411,15707,-23949
$PGXYZ,13107,16179,-23593
$GPRMC,113653.000,A,5038.5561,N,00123.8236,W,0.01,327.07,120120,,,D*7C
$PAXYZ,-27866,15858,24482
$PMXYZ,378,15734,-26717
$PGXYZ,20972,16024,15729
$PAXYZ,-20290,15894,-6227
$PMXYZ,25962,15682,-5621
$PGXYZ,7864,16069,26214
$PAXYZ,-8961,15873,19163
$PMXYZ,31499,15706,-24872
$PGXYZ,2622,16087,-2621
$PAXYZ,-8305,15843,11441
$PMXYZ,-18476,15692,-25795
$PGXYZ,-10486,16019,-5243
$PAXYZ,-5208,15816,-11547
$PMXYZ,10402,15696,-16169
$PGXYZ,-7864,16122,2622
$GPRMC,113654.000,A,5038.5561,N,00123.8236,W,0.00,90.19,120120,,,D*4A
$PAXYZ,-4879,15865,-23386
$PMXYZ,-30345,15722,31037
$PGXYZ,28836,16181,-7864
$PAXYZ,4738,15834,13843
$PMXYZ,15939,15720,29192
$PGXYZ,13107,16051,7864
$PAXYZ,31149,15863,-26300
$PMXYZ,-8850,15693,28270
$PGXYZ,0,16096,18350
$PAXYZ,-728,15879,13843
$PMXYZ,-12939,15716,28270
$PGXYZ,-7864,15738,28836
$GPRMC,113655.000,A,5038.5561,N,00123.8236,W,0.00,76.15,120120,,,D*4F
$PAXYZ,-21346,15853,-6227
$PMXYZ,6313,15719,-16169
$PGXYZ,26214,16134,-10486
$PAXYZ,21204,15846,-28705
$PMXYZ,14093,15712,-26717
$PGXYZ,-26214,16073,-15729
$PAXYZ,27724,15841,-27503
$PMXYZ,-5159,15709,23257
$PGXYZ,-10486,16147,18350
$PAXYZ,-728,15879,-27503
$PMXYZ,-31793,15675,-16169
$PGXYZ,7864,16141,0
$PAXYZ,1312,15812,32714
$PMXYZ,-12939,15716,2160
$PGXYZ,-26214,16145,-31457
$GPRMC,113656.000,A,5038.5561,N,00123.8236,W,0.01,155.29,120120,,,D*72
$PAXYZ,-24771,15831,8526
$PMXYZ,-20720,15723,3083
$PGXYZ,10486,16132,31457
$PAXYZ,27724,15841,-27503
$PMXYZ,8557,15688,-31730
$PGXYZ,13107,16051,23593
$PAXYZ,-28523,15888,-16866
$PMXYZ,21874,15705,1237
$PGXYZ,20972,16024,26214
$PAXYZ,-31290,15836,-12749
$PMXYZ,-26256,15699,-27641
$PGXYZ,0,16096,-23593
$GPRMC,113657.000,A,5038.5561,N,00123.8236,W,0.01,141.49,120120,,,D*70
$PAXYZ,-15482,15878,-23386
$PMXYZ,-30345,15722,-13401
$PGXYZ,-5243,16113,13107
$PAXYZ,-8961,15873,-910
$PMXYZ,8557,15688,12709
$PGXYZ,0,15968,31457
$PAXYZ,17779,15824,4409
$PMXYZ,-12939,15716,13631
$PGXYZ,2622,16087,-23593
$PAXYZ,-30235,15877,13843
$PMXYZ,25564,15721,-5621
$PGXYZ,7864,16069,31457
$PAXYZ,-8305,15843,32714
$PMXYZ,14093,15712,28270
$PGXYZ,0,16168,18350
$GPRMC,113658.000,A,5038.5561,N,00123.8236,W,0.01,346.31,120120,,,D*75
$PAXYZ,20547,15876,28597
$PMXYZ,18182,15689,19567
$PGXYZ,-2621,16104,-23593
$PAXYZ,-23714,15872,28597
$PMXYZ,-12541,15677,-21307
$PGXYZ,26214,16190,-31457
$PAXYZ,22259,15887,19163
$PMXYZ,-20720,15723,-23027
$PGXYZ,23593,16143,-5243
$PAXYZ,-728,15879,-22183
$PMXYZ,19629,15736,29192
$PGXYZ,-2621,16104,13107
$GPRMC,113659.000,A,5038.5561,N,00123.8236,W,0.01,337.63,120120,,,D*75
$PAXYZ,14682,15851,-27503
$PMXYZ,-12541,15677,3083
$PGXYZ,-5243,16113,-26214
$PAXYZ,14682,15851,-27503
$PMXYZ,4467,15711,29192
$PGXYZ,-15729,16037,-7864
$PAXYZ,24628,15868,-26300
$PMXYZ,6711,15680,4929
$PGXYZ,18350,16161,0
$PAXYZ,5793,15875,31513
$PMXYZ,15939,15720,-26717
$PGXYZ,0,16096,-23593
$PAXYZ,27724,15841,-27503
$PMXYZ,-16631,15700,24181
$PGXYZ,26214,16118,13107
$GPRMC,113700.000,A,5038.5561,N,00123.8236,W,0.01,337.88,120120,,,D*7D
$PAXYZ,27724,15841,-27503
$PMXYZ,-12939,15716,-14324
$PGXYZ,-26214,16145,2621
$PAXYZ,14682,15851,-12749
$PMXYZ,-3314,15717,-15246
$PGXYZ,7864,16069,-15729
$PAXYZ,-11401,15870,21568
$PMXYZ,-7591,15745,-24872
$PGXYZ,26214,16118,0
$PAXYZ,-27866,15858,28597
$PMXYZ,17784,15728,22334
$PGXYZ,-28836,16154,15729
$GPRMC,113701.000,A,5038.5561,N,00123.8235,W,0.01,341.38,120120,,,D*75
$PAXYZ,-30235,15877,-26300
$PMXYZ,-9249,15732,22334
$PGXYZ,28836,16109,13107
$PAXYZ,24628,15868,2004
$PMXYZ,-7004,15701,-24872
$PGXYZ,10486,16132,10486
$PAXYZ,-21346,15853,20365
$PMXYZ,-1468,15725,-14324
$PGXYZ,7864,15941,-13107
$PAXYZ,-8632,15794,16758
$PMXYZ,21874,15705,9017
$PGXYZ,5243,16078,28836
$PAXYZ,7506,15886,29799
$PMXYZ,8158,15727,11786
$PGXYZ,-20971,16055,-23593
$GPRMC,113702.000,A,5038.5561,N,00123.8235,W,0.01,141.92,120120,,,D*74
$PAXYZ,-30235,15877,-12749
$PMXYZ,-32191,15714,-15246
$PGXYZ,-31457,16091,28836
$PAXYZ,1641,15861,31513
$PMXYZ,15939,15720,-13401
$PGXYZ,-18350,16046,-2621
$PAXYZ,31149,15863,-31620
$PMXYZ,15939,15720,1237
$PGXYZ,23593,15887,-13107
$PAXYZ,27724,15841,32714
$PMXYZ,-30345,15722,11786
$PGXYZ,7864,16069,20972
$PAXYZ,-23714,15872,16758
$PMXYZ,31499,15706,14554
$PGXYZ,-26214,16073,-5243
$GPRMC,113703.000,A,5038.5561,N,00123.8235,W,0.01,145.72,120120,,,D*7F
$PAXYZ,-7248,15884,27397
$PMXYZ,-28102,15691,9941
$PGXYZ,23593,16143,13107
$PAXYZ,14682,15851,-26300
$PMXYZ,10402,15696,-15246
$PGXYZ,26214,16134,-20971
$PAXYZ,-14825,15848,-16866
$PMXYZ,-5159,15709,31037
$PGXYZ,-7864,15994,-20971
$PAXYZ,-8961,15873,-7430
$PMXYZ,-14785,15708,30115
$PGXYZ,18350,16033,-18350
$GPRMC,113704.000,A,5038.5561,N,00123.8235,W,0.01,147.98,120120,,,D*7E
$PAXYZ,-11401,15870,22077
$PMXYZ,-28102,15691,20489
$PGXYZ,-7864,16138,-5243
$PAXYZ,1312,15812,8526
$PMXYZ,-24411,15707,-31730
$PGXYZ,18350,16033,-20971
$PAXYZ,21204,15846,-26300
$PMXYZ,15939,15720,-32652
$PGXYZ,2622,16087,-7864
$PAXYZ,-18249,15826,-26300
$PMXYZ,-10696,15685,-1929
$PGXYZ,10486,16060,-13107
$PAXYZ,-23714,15872,13843
$PMXYZ,-12541,15677,-30807
$PGXYZ,-2621,16104,-31457
$GPRMC,113705.000,A,5038.5561,N,00123.8235,W,0.01,139.45,120120,,,D*76
$PAXYZ,-8961,15873,23280
$PMXYZ,29989,15746,12709
$PGXYZ,2622,16087,5243
$PAXYZ,24628,15868,23280
$PMXYZ,-7402,15740,-7466
$PGXYZ,-10486,16147,26214
$PAXYZ,-7248,15884,-7430
$PMXYZ,776,15695,-26717
$PGXYZ,-28836,16082,23593
$PAXYZ,-21346,15853,-6227
$PMXYZ,-20720,15723,14554
$PGXYZ,7864,16141,-5243
$GPRMC,113706.000,A,5038.5561,N,00123.8235,W,0.01,190.81,120120,,,D*7E
$PAXYZ,-1783,15838,-26300
$PMXYZ,-4761,15670,-23027
$PGXYZ,-5243,16113,-5243
$PAXYZ,-4879,15865,-6227
$PMXYZ,-24411,15707,12709
$PGXYZ,-31457,16091,-2621
$PAXYZ,24628,15868,-15664
$PMXYZ,19629,15736,31961
$PGXYZ,-18350,16046,-5243
$PAXYZ,5793,15875,-6227
$PMXYZ,21874,15705,-14324
$PGXYZ,28836,16109,-18350
$PAXYZ,-27866,15858,-28705
$PMXYZ,-18476,15692,-24872
$PGXYZ,20972,16024,-23593
$GPRMC,113707.000,A,5038.5561,N,00123.8235,W,0.01,212.93,120120,,,D*75
$PAXYZ,24628,15868,19163
$PMXYZ,-5159,15709,31037
$PGXYZ,-20971,16055,7864
$PAXYZ,-5536,15895,-22183
$PMXYZ,20027,15697,-4697
$PGXYZ,7864,16069,-5243
$PAXYZ,-728,15879,-910
$PMXYZ,-14785,15708,12709
$PGXYZ,7864,16141,0
$PAXYZ,21204,15846,-18069
$PMXYZ,-24411,15707,14554
$PGXYZ,-2621,16104,-23593
$GPRMC,113708.000,A,5038.5561,N,00123.8235,W,0.01,212.11,120120,,,D*70
$PAXYZ,-30235,15877,12642
$PMXYZ,-7004,15701,-31730
$PGXYZ,28836,16181,31457
$PAXYZ,-4879,15865,-18069
$PMXYZ,8158,15727,4929
$PGXYZ,-5243,15985,5243
$PAXYZ,14027,15881,-30417
$PMXYZ,-8850,15693,13631
$PGXYZ,-23593,16064,-15729
$PAXYZ,-14825,15848,29799
$PMXYZ,-18476,15692,19567
$PGXYZ,-2621,15976,-5243
$PAXYZ,7506,15886,17960
$PMXYZ,20027,15697,-18937
$PGXYZ,-5243,16001,26214
$GPRMC,113709.000,A,5038.5561,N,00123.8235,W,0.01,217.22,120120,,,D*74
$PAXYZ,-21346,15853,3207
$PMXYZ,27809,15690,28270
$PGXYZ,-2621,16104,0
$PAXYZ,8163,15856,-27503
$PMXYZ,-4761,15670,10864
$PGXYZ,26214,16118,-18350
$PAXYZ,-13769,15889,20365
$PMXYZ,-18874,15731,25502
$PGXYZ,26214,16006,-31457
$PAXYZ,4738,15834,19163
$PMXYZ,8557,15688,23257
$PGXYZ,31457,16100,-31457
$GPRMC,113710.000,A,5038.5561,N,00123.8235,W,0.01,32.62,120120,,,D*4D
$PAXYZ,-23714,15872,-15664
$PMXYZ,-18476,15692,-24872
$PGXYZ,-28836,16082,-7864
$PAXYZ,28780,15882,-20983
$PMXYZ,31499,15706,11786
$PGXYZ,-7864,16122,-10486
$PAXYZ,-24771,15831,8526
$PMXYZ,30052,15659,4006
$PGXYZ,26214,16118,-20971
$PAXYZ,-14825,15848,-2113
$PMXYZ,-24013,15668,-16169
$PGXYZ,-18350,16046,0
$PAXYZ,24628,15868,8526
$PMXYZ,-26256,15699,11786
$PGXYZ,10486,16132,13107
$GPRMC,113711.000,A,5038.5561,N,00123.8235,W,0.01,24.94,120120,,,D*42
$PAXYZ,-4879,15865,26194
$PMXYZ,2621,15703,-23027
$PGXYZ,-13107,16028,13107
$PAXYZ,24628,15868,8526
$PMXYZ,12645,15665,-2852
$PGXYZ,-5243,15985,-26214
$PAXYZ,5793,15875,12642
$PMXYZ,18182,15689,-8389
$PGXYZ,-15729,16037,-2621
$PAXYZ,-21346,15853,28597
$PMXYZ,29654,15698,21412
$PGXYZ,26214,16134,-13107
$PAXYZ,-7248,15884,3207
$PMXYZ,31499,15706,12709
$PGXYZ,-15729,16037,26214
$GPRMC,113712.000,A,5038.5561,N,00123.8235,W,0.01,96.23,120120,,,D*44
$PAXYZ,-1783,15838,-31620
$PMXYZ,10402,15696,16799
$PGXYZ,26214,16006,-7864
$PAXYZ,-14825,15848,-31620
$PMXYZ,12247,15704,21412
$PGXYZ,2622,15703,10486
$PAXYZ,-7248,15884,-12749
$PMXYZ,-14386,15669,-18937
$PGXYZ,0,16168,0
$PAXYZ,-24771,15831,3207
$PMXYZ,30052,15659,5851
$PGXYZ,28836,16109,-7864
$GPRMC,113713.000,A,5038.5561,N,00123.8235,W,0.01,76.20,120120,,,D*48
$PAXYZ,-22002,15883,23280
$PMXYZ,-16631,15700,20489
$PGXYZ,-5243,16185,-26214
$PAXYZ,-1783,15838,6121
$PMXYZ,-24411,15707,-25795
$PGXYZ,18350,16161,28836
$PAXYZ,-15482,15878,-22183
$PMXYZ,-14785,15708,-16169
$PGXYZ,7864,16069,-5243
$PAXYZ,1641,15861,-24588
$PMXYZ,12247,15704,22334
$PGXYZ,7864,16141,-26214
$PAXYZ,-14825,15848,-31620
$PMXYZ,27809,15690,6774
$PGXYZ,-5243,16113,-10486
$GPRMC,113714.000,A,5038.5561,N,00123.8235,W,0.00,236.77,120120,,,D*7A
$PAXYZ,-23714,15872,-910
$PMXYZ,-28102,15691,-608
$PGXYZ,23593,16127,23593
$PAXYZ,-18578,15777,-11547
$PMXYZ,-24411,15707,18644
$PGXYZ,-2621,16104,10486
$PAXYZ,-30235,15877,-13952
$PMXYZ,-9249,15732,-6543
$PGXYZ,-23593,16064,28836
$PAXYZ,-11729,15821,-19269
$PMXYZ,6313,15719,-5621
$PGXYZ,-13107,16028,-18350
$GPRMC,113715.000,A,5038.5561,N,00123.8235,W,0.01,229.38,120120,,,D*7F
$PAXYZ,-23714,15872,-11547
$PMXYZ,18182,15689,-25795
$PGXYZ,2622,16087,31457
$PAXYZ,-15482,15878,12642
$PMXYZ,-16631,15700,3083
$PGXYZ,10486,16132,-7864
$PAXYZ,24628,15868,-27503
$PMXYZ,-12541,15677,11786
$PGXYZ,23593,16143,15729
$PAXYZ,30821,15814,-6227
$PMXYZ,-22565,15715,314
$PGXYZ,7864,16141,20972
$PAXYZ,14682,15851,17960
$PMXYZ,-8850,15693,-23949
$PGXYZ,23593,16127,10486
$GPRMC,113716.000,A,5038.5561,N,00123.8235,W,0.01,292.59,120120,,,D*7B
$PAXYZ,985,15891,16758
$PMXYZ,23719,15713,10864
$PGXYZ,10486,16060,5243
$PAXYZ,1312,15812,13843
$PMXYZ,-32191,15714,28270
$PGXYZ,-10486,16147,0
$PAXYZ,-18249,15826,-25098
$PMXYZ,10003,15735,-18014
$PGXYZ,-5243,16001,-15729
$PAXYZ,22259,15887,-23896
$PMXYZ,-10696,15685,-18937
$PGXYZ,31457,16100,-13107
$GPRMC,113717.000,A,5038.5561,N,00123.8235,W,0.01,302.50,120120,,,D*7B
$PAXYZ,14682,15851,15557
$PMXYZ,-22565,15715,-26717
$PGXYZ,-7864,16010,-15729
$PAXYZ,17779,15824,-16866
$PMXYZ,10402,15696,-8389
$PGXYZ,5243,16150,-20971
$PAXYZ,20547,15876,-20983
$PMXYZ,29654,15698,314
$PGXYZ,-5243,15985,-13107
$PAXYZ,-23714,15872,-7430
$PMXYZ,29654,15698,8095
$PGXYZ,5243,16078,-7864
$PAXYZ,7506,15758,23280
$PMXYZ,-28102,15691,-15246
$PGXYZ,-7864,15866,13107
$GPRMC,113718.000,A,5038.5561,N,00123.8235,W,0.00,5.70,120120,,,D*73
$PAXYZ,30821,15814,24482
$PMXYZ,20027,15697,-10234
$PGXYZ,-28836,16154,-15729
$PAXYZ,-4879,15865,17960
$PMXYZ,20027,15697,8095
$PGXYZ,-5243,16113,31457
$PAXYZ,-27866,15858,2004
$PMXYZ,14093,15712,31037
$PGXYZ,13107,16179,15729
$PAXYZ,14027,15881,-16866
$PMXYZ,-32191,15714,3083
$PGXYZ,26214,16006,15729
$GPRMC,113719.000,A,5038.5561,N,00123.8235,W,0.00,0.00,120120,,,D*70
$PAXYZ,-18249,15826,-22183
$PMXYZ,-8850,15693,-26717
$PGXYZ,10486,16060,18350
$PAXYZ,5793,15875,-26300
$PMXYZ,20027,15697,19567
$PGXYZ,-28836,16154,-7864
$PAXYZ,-31290,15836,-26300
$PMXYZ,-26256,15699,31961
$PGXYZ,18350,16033,-5243
$PAXYZ,17779,15824,-11547
$PMXYZ,-26655,15738,-26717
$PGXYZ,-20971,16055,0
$PAXYZ,-18249,15826,9729
$PMXYZ,23719,15713,-17092
$PGXYZ,-26214,16145,28836
$GPRMC,113720.000,A,5038.5561,N,00123.8235,W,0.00,34.45,120120,,,D*4C
$PAXYZ,-18249,15826,13843
$PMXYZ,-16631,15700,-26717
$PGXYZ,26214,16118,20972
$PAXYZ,24628,15868,-7430
$PMXYZ,776,15695,-17092
$PGXYZ,-26214,16073,-7864
$PAXYZ,-24771,15831,-23386
$PMXYZ,-18476,15692,4006
$PGXYZ,10486,16132,7864
$PAXYZ,9218,15897,-15664
$PMXYZ,-22565,15715,20489
$PGXYZ,-23593,16064,-5243
$GPRMC,113721.000,A,5038.5561,N,00123.8235,W,0.00,0.00,120120,,,D*7B
$PAXYZ,21204,15846,-10344
$PMXYZ,-5159,15709,-28563
$PGXYZ,-7864,16138,-7864
$PAXYZ,-8305,15843,22077
$PMXYZ,-24411,15707,-10234
$PGXYZ,7864,15813,31457
$PAXYZ,-8961,15873,16758
$PMXYZ,-30345,15722,-9311
$PGXYZ,-31457,16163,0
$PAXYZ,24300,15819,-27503
$PMXYZ,16337,15681,28270
$PGXYZ,-7864,16138,28836
$PAXYZ,-15482,15878,7324
$PMXYZ,14093,15712,20489
$PGXYZ,18350,16033,-18350
$GPRMC,113722.000,A,5038.5561,N,00123.8235,W,0.00,0.00,120120,,,D*78
$PAXYZ,11258,15829,-27503
$PMXYZ,-22565,15715,-9311
$PGXYZ,-18350,16046,-2621
$PAXYZ,-11401,15870,9729
$PMXYZ,31499,15706,20489
$PGXYZ,-5243,16113,-2621
$PAXYZ,21204,15846,7324
$PMXYZ,-1069,15686,-32652
$PGXYZ,-23593,16136,28836
$PAXYZ,-23714,15872,31513
$PMXYZ,-18476,15692,27347
$PGXYZ,-31457,16219,28836
$GPRMC,113723.000,A,5038.5561,N,00123.8235,W,0.00,0.00,120120,,,D*79
$PAXYZ,24628,15868,-27503
$PMXYZ,10003,15735,26424
$PGXYZ,-20971,16055,-26214
$PAXYZ,20547,15876,23280
$PMXYZ,-5159,15709,314
$PGXYZ,0,16168,-31457
$PAXYZ,24628,15868,27397
$PMXYZ,-3314,15717,-29486
$PGXYZ,-2621,15976,-20971
$PAXYZ,-30235,15877,-11547
$PMXYZ,18182,15689,18644
$PGXYZ,26214,16006,-28836
$PAXYZ,-2113,15789,32714
$PMXYZ,-14785,15708,31037
$PGXYZ,-13107,16028,31457
$GPRMC,113724.000,A,5038.5561,N,00123.8235,W,0.00,21.12,120120,,,D*4E
$PAXYZ,-23714,15872,20875
$PMXYZ,10402,15696,-19860
$PGXYZ,31457,16100,-2621
$PAXYZ,-728,15879,-27503
$PMXYZ,12247,15704,-9311
$PGXYZ,10486,16060,7864
$PAXYZ,14027,15881,-16866
$PMXYZ,-20321,15684,4006
$PGXYZ,0,16096,-23593
$PAXYZ,-24771,15831,-27503
$PMXYZ,18182,15689,4006
$PGXYZ,-7864,16010,-18350
$GPRMC,113725.000,A,5038.5561,N,00123.8235,W,0.00,24.69,120120,,,D*46
$PAXYZ,17779,15824,-20983
$PMXYZ,-26256,15699,21412
$PGXYZ,0,16168,0
$PAXYZ,24300,15819,12642
$PMXYZ,-8850,15693,-16169
$PGXYZ,23593,16127,28836
$PAXYZ,-8305,15843,2004
$PMXYZ,-12541,15677,314
$PGXYZ,5243,16078,10486
$PAXYZ,-5208,15816,-15664
$PMXYZ,-32191,15714,30115
$PGXYZ,-7864,16138,-26214
$PAXYZ,5793,15875,19163
$PMXYZ,25564,15721,29192
$PGXYZ,28836,16181,-28836
$GPRMC,113726.000,A,5038.5561,N,00123.8235,W,0.00,359.92,120120,,,D*78
$PAXYZ,-8305,15843,3207
$PMXYZ,23719,15713,-10234
$PGXYZ,13107,15923,0
$PAXYZ,24628,15868,23280
$PMXYZ,16337,15681,-10234
$PGXYZ,5243,16078,-26214
$PAXYZ,21204,15846,-11547
$PMXYZ,27809,15690,4006
$PGXYZ,-15729,16037,10486
$PAXYZ,21204,15846,26194
$PMXYZ,25962,15682,29192
$PGXYZ,-26214,16073,-18350
$GPRMC,113727.000,A,5038.5561,N,00123.8235,W,0.00,50.49,120120,,,D*45
$PAXYZ,-22002,15883,-30417
$PMXYZ,27809,15690,-8389
$PGXYZ,-31457,16163,0
$PAXYZ,-13769,15889,3207
$PMXYZ,-22167,15676,-8389
$PGXYZ,-31457,16163,13107
$PAXYZ,-4879,15865,17960
$PMXYZ,776,15695,18644
$PGXYZ,10486,16132,-7864
$PAXYZ,-8961,15873,-2113
$PMXYZ,12247,15704,-24872
$PGXYZ,-28836,16154,28836
$PAXYZ,-11401,15870,27397
$PMXYZ,-24013,15668,10864
$PGXYZ,13107,16179,13107
$GPRMC,113728.000,A,5038.5561,N,00123.8235,W,0.00,16.29,120120,,,D*4E
$PAXYZ,-12057,15900,-18069
$PMXYZ,-5159,15709,-7466
$PGXYZ,2622,-17193,-5243
$PAXYZ,8163,15856,-27503
$PMXYZ,12247,15704,27347
$PGXYZ,-2621,15976,-15729
$PAXYZ,7506,15886,-20983
$PMXYZ,-14785,15708,-28563
$PGXYZ,7864,16141,-5243
$PAXYZ,-15482,15878,17960
$PMXYZ,14492,15673,29192
$PGXYZ,-10486,16019,26214
$PAXYZ,-27866,15858,-26300
$PMXYZ,15939,15720,-7466
$PGXYZ,28836,16109,-13107
$GPRMC,113729.000,A,5038.5561,N,00123.8235,W,0.00,222.59,120120,,,D*7D
$PAXYZ,-1783,15838,31513
$PMXYZ,15939,15720,-9311
$PGXYZ,-31457,16163,-10486
$PAXYZ,-24771,15831,28597
$PMXYZ,15939,15720,2160
$PGXYZ,28836,16109,-15729
$PAXYZ,-23714,15872,31513
$PMXYZ,-24013,15668,-4697
$PGXYZ,7864,16141,-31457
$PAXYZ,-28195,15809,-18069
$PMXYZ,14492,15673,2160
$PGXYZ,23593,16127,10486
$GPRMC,113730.000,A,5038.5561,N,00123.8235,W,0.00,18.82,120120,,,D*48
$PAXYZ,-15482,15878,4409
$PMXYZ,-10696,15685,5851
$PGXYZ,-31457,16163,-5243
$PAXYZ,31149,15863,-7430
$PMXYZ,-20321,15684,20489
$PGXYZ,-28836,16154,-18350
$PAXYZ,4738,15834,23280
$PMXYZ,-20321,15684,23257
$PGXYZ,-2621,16104,7864
$PAXYZ,-23714,15872,-2113
$PMXYZ,2621,15703,-4697
$PGXYZ,10486,16132,-10486
$PAXYZ,4409,15785,-16866
$PMXYZ,23719,15713,28270
$PGXYZ,-2621,16104,13107
$GPRMC,113731.000,A,5038.5561,N,00123.8235,W,0.00,8.67,120120,,,D*73
